2  62.2043  7.81338  -8.91732  61.0631 0
21  5.9913  -5.4802  2.37244  -0.484328 0
21  10.5302  4.83588  8.58325  -3.71844 461.152
3  1.60096  -1.23788  -0.827166  0.310709 0.212466
-1  78.7552  -0.205613  1.60647  78.7379 0.236596
21  0.662203  0.326228  0.453492  0.355575 0.145682
21  14.5147  -0.538432  -0.218879  14.503 29.2345
21  8.63569  -3.19218  1.54079  -7.87471 0.412792
-2  20.5013  1.60789  -4.39704  19.9568 3.10011
21  39.4842  1.73837  0.508055  39.4426 7.94281
21  3.15458  -0.355222  0.27504  -3.12243 8.79512
21  6.08445  -5.00353  1.92725  -2.87593 0.667536
21  1.5857  -0.981192  0.212263  1.22745 0.437597
21  3.59319  1.24599  3.32089  -0.574673 462.095
-3  1.17305  -0.90964  -0.318735  -0.443857 0.57143
21  102.392  0.829819  -1.84804  102.372 4.52476
21  72.5161  1.17931  -1.99496  72.479 28.8842
21  0.622397  -0.474743  -0.39471  0.0787529 1.18547
21  0.651512  0.416172  0.440673  0.238907 461.89
21  1.0907  0.507849  0.869625  0.418881 462.744
21  0.566417  -0.00638112  -0.472148  0.312831 0.874445
21  0.794844  0.118336  0.778953  0.104904 462.746
21  0.957309  0.0945602  0.496812  -0.81282 1.83241
21  0.880108  -0.326635  0.383123  -0.721885 0.807351
21  0.209241  -0.190371  -0.0868338  -0.000744837 2.17442
21  37.7963  0.24064  -0.637656  -37.7901 3.92543
21  56.5263  0.756403  -0.889239  56.5142 15.8464
21  17.9224  0.26225  0.158809  17.9198 20.2254
21  0.918369  0.80893  -0.307212  -0.30766 0.814399
21  1.26842  0.255553  0.0243008  1.24217 1.20766
21  15.1097  -0.432225  -0.798583  -15.0824 18.4084
21  4.91825  -4.28285  1.93675  -1.44755 3.07202
21  1.3844  -0.1778  -0.390801  1.31614 23.1311
21  38.555  -0.113354  -1.40124  38.5294 63.9159
21  0.544996  -0.463044  0.123872  0.259359 463.332
21  2.1178  -0.0898614  -0.238307  2.10243 6.60465
21  0.909882  -0.498385  0.759812  0.0467423 1.55287
-2  2.72147  -1.0419  1.21845  2.17424 2.78196
21  2.62979  1.03724  -0.109431  -2.41411 2.68175
21  5.90778  1.21309  -0.00379118  -5.78189 0
2  56.1718  0.933859  -0.0454594  56.163 0
21  4.65838  -0.337264  0.395863  4.62926 0.580228
21  1.64541  0.0554832  -0.38201  1.59948 3.44132
21  41.4852  0.737335  1.0635  -41.465 0
-2  18.8786  0.700773  -0.687879  18.8502 12.0069
21  3.21207  -0.777786  -0.0233499  3.11639 2.67601
21  7.59733  -0.0549726  -0.270904  7.5923 10.4656
21  5.20071  0.193369  0.335214  5.18629 17.6665
21  4.6439  -1.20369  0.941954  4.38516 3.87829
21  90.8662  -0.352405  1.18195  -90.8578 15.2955
2  4.34575  0.216666  -0.306299  4.31693 0
#  0  51
21  11.7141  -11.0521  3.41473  -1.84656 0
21  24.0216  0.229425  -0.450338  -24.0163 673.973
21  1.49214  -0.304254  -0.970263  -1.09202 670.091
21  1.96391  -0.758466  -1.09297  -1.44467 617.245
21  3.13032  0.945593  -0.284674  2.97047 619.018
-2  1.42455  -0.814163  1.12049  0.0455313 1.20422
21  2.11043  -0.191485  -0.462716  -2.05016 0.623763
3  1.03312  -0.507816  0.702957  -0.255554 0.802207
-3  8.62853  -8.4209  1.29778  1.26714 0.279632
21  3.20413  -0.872525  -0.88376  2.95366 617.969
21  21.5251  6.38265  0.94299  -20.5354 5.19484
21  8.33527  0.202979  -0.45922  -8.32013 673.612
21  21.4897  0.753896  -1.22879  21.4413 617.382
2  5.518  -5.37969  1.00246  0.62719 0.505305
21  5.84897  -0.321861  -0.556998  5.81349 7.36017
21  0.251266  0.11647  -0.213258  -0.0639551 6.20895
21  6.91636  0.0731275  0.259108  6.91112 3.5879
21  5.45017  0.787211  -0.297405  -5.38481 7.6577
21  88.0884  4.97251  -3.31209  -87.8855 669.889
21  3.71351  0.530196  -0.106982  -3.67391 687.287
21  1.41659  -0.616717  0.104865  1.27098 6.13152
21  16.4265  1.52713  -0.76378  -16.3375 689.897
21  2.19349  -2.01497  0.770973  -0.396081 1.7913
21  74.3318  0.720755  1.07451  74.3206 36.8727
21  41.4602  -0.734463  -0.573504  41.4498 54.0692
21  0.33205  0.138748  -0.221736  -0.204546 619.192
21  3.10222  -0.655256  -0.399466  -3.0058 676.441
21  2.29495  0.330547  -1.53747  -1.67145 615.981
21  2.14681  0.141964  -1.06963  1.85594 619.801
21  3.15568  0.214571  -0.248761  3.13853 4.70805
2  8.13967  -1.12629  1.2583  7.95572 61.3841
21  28.2307  4.54022  6.84211  -27.01 60.0102
21  13.2139  2.47441  -5.11136  -11.9314 60.1769
21  5.49744  -3.64588  -0.861769  4.02327 10.5553
-2  84.3187  -3.31097  -0.18412  84.2529 0
21  4.65716  -0.531203  -0.860983  4.54595 7.84617
21  2.24463  1.32168  -0.934802  1.55488 2.291
21  5.46981  -1.05835  -0.833683  -5.3013 60.6101
21  22.8885  1.18591  0.10365  -22.8576 3.67658
21  5.13115  -0.110621  -0.0957421  5.12906 63.4096
21  1.86484  0.986643  0.959598  -1.2583 60.7505
21  1.78522  -0.219417  -0.235188  1.75601 62.4627
21  6.29772  0.56994  -0.454432  -6.25539 18.6302
21  5.27194  -0.147671  0.831771  5.20382 60.0628
21  2.30821  -0.0582652  0.848853  -2.14567 63.6538
-2  4.84339  -0.415693  1.51725  4.56888 65.853
21  0.926479  0.40927  0.48086  0.677964 2.98996
21  0.490107  0.266272  -0.162508  0.378015 62.2086
21  2.64274  -1.27793  0.49052  2.26062 60.9582
21  1.77917  0.49095  -0.514684  -1.6308 61.8448
21  33.3437  0.273434  -0.719542  -33.3348 10.6876
21  9.90588  0.0966555  -0.538375  9.89077 4.05667
2  8.29185  0.287825  1.21978  8.18994 4.24401
21  7.98871  3.68148  -2.00833  -6.79947 0.12003
21  2.75216  0.68311  -1.3485  -2.29984 0.403403
21  1.62356  -0.589543  0.324779  -1.47746 1.98439
21  3.10718  0.0350167  -0.435463  3.07631 0.706115
21  0.320051  0.0222483  -0.194414  -0.25326 76.47
21  31.1421  -1.03763  1.08069  31.1061 16.7024
21  1.37558  0.106766  -0.262212  -1.34613 3.38627
21  19.48  -1.04956  1.20226  -19.4146 11.0391
21  8.85198  -0.105698  -0.911288  -8.80431 13.2839
21  1.36495  0.910474  -1.01659  0.0262209 1.16016
21  6.53876  -1.10188  -0.0569068  -6.445 4.41171
21  2.89297  0.555212  -0.559298  -2.78356 2.2059
21  19.3159  -0.617318  0.720811  19.2925 12.7128
21  37.4908  0.154294  2.64784  37.3969 0
21  7.31497  -0.403638  -1.15628  -7.21172 1.16374
21  0.802956  -0.108584  -0.199739  0.770098 74.1085
21  0.265309  -0.189069  0.0778485  0.16906 74.8404
21  0.907663  0.380428  0.581868  0.583571 74.4971
21  0.401095  -0.253834  -0.243548  0.19269 1.9994
21  2.0873  0.201822  -1.96841  -0.664435 44.5456
21  4.91034  -2.57278  3.0364  -2.87619 44.4771
21  25.8341  1.8425  -0.126421  -25.768 0
21  103.77  -0.982985  2.3391  103.739 0
21  1.90785  0.791286  -1.0859  1.35446 44.8432
21  2.63176  0.805968  0.364856  -2.47859 2.11681
21  2.26983  0.0351668  -0.0482372  -2.26905 2.03976
-1  6.33895  0.341377  -2.58455  -5.76862 0.305032
21  4.98844  -1.16174  -1.21747  -4.69602 3629.62
21  1.65885  0.275429  -0.37168  -1.59304 4.75342
21  7.53613  -0.258996  1.42119  -7.39638 0
21  6.856  0.160849  0.763161  -6.81149 2.51946
21  2.29082  -0.00783584  1.15306  -1.97945 0.860049
21  0.481698  -0.0620877  -0.266794  0.396231 3.72694
-3  17.9135  0.262019  0.135584  17.9041 113.453
-2  101.557  0.887441  1.53314  101.541 6.79769
21  3.38517  3.16606  1.19168  -0.123916 0.137256
21  1.83935  -0.437109  -0.347823  1.75247 0
21  5.47916  -1.09861  -1.57918  -5.13035 0
21  1.86996  -0.754942  0.166839  -1.70264 1.47205
21  1.02999  -0.885141  -0.026395  0.526021 0.5364
21  1.02997  -0.571033  -0.646435  -0.56292 1.00116
21  2.98843  -2.35549  0.701239  -1.70018 0
21  1.38321  -0.0619462  -1.27076  0.542784 0.134714
21  2.0528  -0.707657  1.04903  1.6164 0.0600377
2  0.457365  0.017716  -0.278498  -0.149692 1.62989
21  3.47981  -0.763255  1.34279  -3.11824 4.75774
21  1.45774  0.569357  0.447492  1.26515 0.708863
21  1.0518  -0.547711  -0.492027  -0.751133 0.885134
21  0.51721  0.220342  0.36102  -0.297692 5.65163
21  0.392459  0.150396  -0.164079  0.323239 86.2008
-2  1.28227  1.21428  -0.235182  0.0743411 0.188839
21  1.54257  0.515456  0.150461  1.4461 0.528567
21  9.43149  -0.607637  -0.102081  9.41134 83.3335
2  40.6621  -1.2846  0.126344  40.6403 8.0355
21  47.2211  0.788769  2.28387  -47.1592 0
21  2.31431  -0.224223  -0.680395  2.20064 9.96843
2  0.595101  0.0572521  -0.143195  -0.470598 1.09529
1  10.923  -0.488041  -0.201855  -10.9053 0
#  1  111
21  4.32238  -0.578052  0.537299  -4.24972 0.846153
1  8.15586  -5.41169  -3.07037  5.26266 0.164123
21  2.2999  1.40891  -1.51851  0.999313 0.0740569
21  0.52626  -0.463498  0.103307  0.226818 0.649946
21  9.02641  2.06642  5.75532  -6.63945 0.168085
21  13.3771  0.0816923  -1.35872  13.3077 0.076475
21  19.4166  5.42075  8.88599  16.3908 0.898167
21  44.1022  -5.5314  -11.3572  -42.2543 0
21  0.5653  -0.399482  -0.308399  -0.254692 1.20671
21  1.49764  -0.517966  0.0269961  -1.40496 1.61899
21  3.20956  1.00095  1.07069  2.85535 0.463127
21  3.08906  -0.747451  -2.94534  -0.555474 0.207161
21  5.70283  1.0452  -1.99233  -5.24028 0.630006
21  1.18516  0.452211  -1.03356  -0.363127 1.04406
21  0.582721  0.319298  0.0740195  -0.481803 1.60392
21  2.86741  0.199594  -1.06842  -2.65343 3.21836
21  2.10974  0.762151  -0.739859  1.82283 0.454748
21  4.03581  0.976645  0.121029  -3.91399 1.87692
21  0.282589  -0.15276  0.0572946  -0.230735 1.37929
21  32.5295  0.874581  0.62132  -32.5118 56.7763
21  33.6971  -0.44632  -0.478802  -33.6908 48.3693
21  1.39049  0.841657  0.443296  -1.01419 0.69088
21  3.33123  1.47585  0.914886  -2.84287 1.9821
21  1.08768  0.0416535  0.250218  -1.05769 0.818748
21  0.488929  0.0122408  0.37901  -0.30863 2.84804
21  0.862125  0.460402  0.0354572  -0.728033 1.88433
21  0.611077  -0.0840677  0.588492  -0.14151 0.842895
21  0.40806  -0.176884  0.171789  -0.325136 2.39247
21  8.70623  -1.59331  -2.46576  -8.19633 1.34925
21  0.495891  0.491116  -0.0602539  0.0329023 0.403452
21  0.404904  0.0115671  -0.381642  -0.134771 1.94594
21  1.47723  -0.35194  -0.644232  -1.28191 1.92963
21  0.528122  0.128743  0.505754  0.080937 1.61158
21  1.30047  0.768005  -0.958511  0.427368 1.01799
21  1.13743  -0.921886  -0.461893  0.480123 4.20004
21  0.589887  0.524011  -0.260275  0.0750731 1.88419
21  1.25112  -0.550648  -0.667874  -0.903347 1.28022
21  2.12534  0.609196  0.196925  -2.02662 0.965546
21  1.87781  0.579054  0.164173  1.77874 1.11467
21  0.280981  0.143242  -0.037606  -0.238784 2.6739
21  3.43933  -0.617384  -1.81416  2.85599 2.87352
21  0.694539  0.661732  -0.0374813  -0.207584 0.778036
21  0.543888  -0.202925  0.17128  0.474657 4.12436
21  14.9452  0.13548  -2.49141  -14.7355 0
21  1.47188  0.495298  1.36608  -0.234371 0.258752
21  9.25773  -0.376411  -0.205176  -9.2478 13885.7
-2  0.584196  0.344146  -0.235271  -0.242066 1.36344
21  4.95527  -1.04308  -0.250773  -4.83775 0.0989507
21  2.7264  0.383759  -0.782613  -2.58331 2.20734
21  1.86576  -0.280638  0.768765  -1.6767 13885
21  115.089  -2.14148  1.87923  115.053 0
21  6.19613  -1.02431  -0.791937  -6.05935 0.729489
21  2.01144  -0.335147  0.312579  -1.95854 4.07613
21  1.92769  -0.0419902  -0.129021  1.92291 0.397373
21  0.716649  0.628913  0.280985  0.19774 0.949685
21  0.511099  -0.0447522  -0.495259  0.118059 13885.8
21  1.13181  0.344344  0.083674  -1.07491 13888.8
21  0.997518  0.0959028  0.518869  -0.846534 0.642881
21  4.54299  0.520851  -0.30142  -4.50296 1.86534
2  0.546081  -0.325345  0.248341  -0.147586 2.0226
21  0.590265  0.50429  0.159746  0.261887 0.872573
21  1.4535  0.685641  -1.24647  -0.298118 0.166527
21  6.14802  -1.53978  1.1717  5.83561 0.721266
21  2.72199  0.0700089  -0.0760543  -2.72003 0.806939
21  0.399434  -0.385731  0.00258048  -0.103694 1.8593
21  0.897616  0.450115  -0.256483  0.733027 1.55006
21  1.84401  0.30402  -0.0790835  1.81705 1.31422
21  8.75321  1.65546  -1.78464  8.40792 0
21  2.90613  -0.368945  -0.701378  2.79599 1.76916
21  1.54991  0.32854  -0.932246  1.19382 1.57954
21  2.00234  -0.709383  1.15094  1.47699 0.94931
21  1.83056  1.03078  0.894166  1.22022 0.509349
21  2.57317  -0.686143  1.98005  1.49326 0.162213
21  0.478035  -0.160202  -0.26496  0.36421 3.33431
21  9.74891  -0.185043  -0.966248  -9.69914 1.99887
21  7.86969  1.60728  1.71558  -7.51036 0.547525
21  6.04518  0.310475  0.513013  -6.01537 0
21  17.1326  -1.14788  -2.87444  16.8507 0
21  0.534481  -0.52032  -0.0645859  -0.103761 0.819845
21  2.172  -0.0901579  0.0710862  -2.16897 2.96756
21  1.51079  0.0396968  0.7639  1.30283 119.529
21  152.083  1.48057  -1.7523  152.065 119.251
21  4.725  0.972088  1.43579  -4.39536 0.976359
21  6.76557  -1.12562  1.76819  -6.43268 0
21  0.898835  0.0202051  0.889489  -0.127692 120.078
-2  2.24337  0.773721  0.459886  2.02822 29206.5
21  2.41361  -0.107419  -0.573454  -2.34203 29207.5
21  8.20496  0.201104  -0.435242  -8.19094 29216.9
21  2.7541  0.438264  -0.805666  2.5969 29205.3
21  41.7177  -0.775946  0.0754658  -41.7104 29205
21  2.49905  -0.0889345  -0.0731609  -2.4964 12.8756
21  0.94031  -0.500199  0.461623  0.648759 133.828
21  3.22279  -0.648694  -0.554785  3.10769 133.49
21  41.0742  0.695729  0.915969  41.0581 0
21  3.82062  0.299911  0.668692  3.74968 134.532
21  10.3332  -0.415145  -0.123309  10.3241 10.5354
21  0.151761  -0.0804678  0.126176  -0.0252168 136.84
21  11.4921  0.689627  0.756891  -11.4464 3.48595
21  27.2983  -0.967067  0.19273  -27.2805 0
2  40.8024  -0.810461  0.183821  40.7926 0
1  39.2751  -0.515986  0.599442  -39.2657 0
#  2  101
-2  12.4868  9.29322  7.91176  2.61766 0
1  32.9501  -6.24417  -14.8802  -28.7261 0.124313
21  0.415439  -0.3322  0.233109  -0.0888412 1.88194
21  3.9143  3.40229  -0.0658095  -1.93439 0.0512597
21  7.61527  -0.975808  -0.778953  -7.51221 0
21  0.772934  0.546405  -0.534588  -0.114386 2.32761
21  0.838655  0.100715  0.756307  0.348135 2.30794
21  2.34468  1.81286  1.25675  -0.794753 1.08192
21  4.37969  -0.876937  -2.64993  -3.37499 0.517543
21  1.65579  -0.601822  0.264951  -1.51962 1.18052
21  0.704845  -0.355135  0.478771  -0.376118 0.755205
21  7.62156  -2.48785  -1.84562  -6.96366 2.39278
21  1.88923  -1.84759  0.381578  -0.100117 0.597212
21  3.40541  -2.54662  1.28072  -1.86315 0.051691
21  2.79192  -1.88058  1.77926  -1.04523 2.21066
21  3.48024  2.21048  1.96317  1.83626 0.812068
21  5.10172  4.07844  2.64923  1.54126 4.37452
21  0.826684  -0.464397  -0.0792413  -0.679311 1.92131
21  0.891458  -0.408521  0.480893  -0.629722 1.45041
21  1.5455  -0.554353  -0.482507  -1.35958 2.86437
21  25.0399  -3.36319  2.39564  -24.6971 0
21  6.13243  1.90347  -1.90655  -5.50896 0.224076
21  7.21285  0.373798  -0.441487  -7.18962 271.024
21  2.13465  0.431344  -0.172414  -2.08349 269.493
21  0.836374  -0.344985  -0.211846  -0.731866 273.137
1  10.4558  1.58712  -0.0415678  10.3293 0
21  0.402137  -0.0464154  0.101277  -0.386397 13.8587
21  28.4667  -0.744926  -0.256814  -28.4558 453.092
21  39.957  0.394836  0.916811  -39.9446 0
21  0.850333  -0.161341  0.208726  0.808374 0.984024
21  18.4168  -0.225133  0.380153  -18.4115 5.13749
21  1.98523  0.906331  0.215843  -1.75303 6.9385
21  10.2621  0.86411  1.3703  10.1334 0
21  6.841  -0.525969  -1.56777  -6.63813 5.94445
21  1.15757  -0.155696  0.608053  -0.972621 7.3766
21  2.19339  1.32335  -0.382926  1.70676 0.178603
21  0.734089  -0.600941  -0.253918  -0.336575 8.02242
-1  49.2762  -0.0841877  -0.881389  49.2672 0
#  3  38
21  6.93442  0.30735  0.723974  6.88967 3.45156
21  18.3318  -5.37926  -3.08552  17.251 0.291318
21  10.6709  2.97385  1.63034  10.1176 2.77882
21  9.86232  -2.52464  -1.2704  -9.44868 0
21  12.608  0.951996  -6.52305  10.7473 0.0904794
21  8.39445  2.41495  0.631518  8.01474 0.446493
21  1.18486  -0.213267  0.035419  1.16497 4.75984
21  6.0209  0.548361  -3.39288  4.94357 0.160283
21  26.5283  -8.00369  2.60842  25.1573 0.342706
21  18.1985  1.05  -3.26861  17.8717 0.399164
21  7.45299  1.51634  2.2207  6.95099 0.457006
21  0.725927  -0.240515  0.0115365  0.684829 3.31085
21  1.0105  -0.652154  0.466434  0.61502 2.74761
21  2.47372  -1.32358  0.499383  2.02929 0.263209
21  5.81203  -0.473003  -0.4942  5.77163 16.3256
21  8.36495  -3.80987  0.886773  -7.39398 0.802431
21  3.28039  0.524837  0.73491  -3.15364 0.606411
21  5.54847  1.20883  1.066  5.30922 3.3689
21  10.1085  0.716711  -2.49708  9.76896 1.07804
21  5.23882  -0.558471  -0.817617  5.1444 2.79882
21  1.61029  -0.254521  -0.799925  -1.37418 2.94837
21  9.34229  -4.19121  -0.333814  8.34271 0
21  8.21273  2.69825  -0.199955  7.75425 2.27851
-1  26.9577  5.65046  0.956386  26.3395 1.19568
21  22.7961  5.52539  0.657875  22.1066 0.101503
21  6.88553  -1.22018  1.30199  6.6503 3.351
21  21.3023  0.47693  4.06575  20.9052 0
21  8.16221  -1.77307  -1.18441  -7.87877 1.64295
21  2.34008  0.150084  0.0591696  2.33451 3.52229
21  1.24521  -0.693164  -0.370943  0.965641 2.01578
21  12.3362  0.550046  0.318325  12.3198 1.25694
21  4.91534  -1.46951  0.501115  -4.66368 3.48573
1  0.662661  -0.0682863  0.00370509  0.570563 8.43036
21  1.76706  -0.135263  0.235325  -1.74609 3.32688
21  3.62949  0.770352  0.918572  3.42579 7.07853
21  7.56158  3.07007  0.679467  6.87681 6.88131
21  1.74927  0.651228  0.644289  1.49021 1.7274
21  42.2799  -0.894313  -0.833861  42.2622 6.77226
21  4.92423  0.357144  -1.41704  4.70239 1.70157
21  4.22018  1.66061  0.0336783  3.87958 2.0123
21  5.98467  -3.86348  0.0855911  4.56974 0.646072
21  14.1233  0.0732812  3.48747  13.6857 0.276181
21  0.250346  0.220418  0.0434531  0.110457 3.46524
21  4.00205  -0.890391  -0.256159  -3.89333 1.26223
21  0.102889  -0.0959562  0.0358894  0.00951705 2.94948
21  12.2481  2.76113  1.2157  11.8707 11.8655
21  0.49217  0.30425  0.173732  0.345659 5.43615
21  2.87952  0.0288706  -0.347129  -2.85838 5.14894
21  0.359991  0.0830364  -0.0517062  0.346446 2.66054
21  0.588707  0.482268  0.0403712  -0.335207 2.08231
21  0.457098  0.0285139  -0.418242  -0.182206 1.44738
21  1.37398  -0.905848  0.649936  0.803025 1.07183
21  4.19418  0.274233  0.0594489  4.18478 5.67551
21  2.32954  -0.170566  0.383839  -2.29136 132.417
21  1.25062  0.411954  0.934539  -0.721785 132.62
21  0.485911  0.281648  -0.392921  0.0489662 132.583
21  1.73184  -0.382097  -1.12022  -1.26427 132.482
21  5.64833  0.839761  1.2664  -5.4401 133.548
21  57.5052  3.01219  -0.236627  57.4257 0
21  54.0633  1.97871  0.226012  -54.0266 0
21  1.61725  -0.247503  -0.52463  1.50963 6.69984
21  2.97166  -1.51716  -1.76971  -1.84312 133.269
21  1.6667  -0.661261  1.05326  -1.10963 133.383
21  7.54467  -0.141504  0.557468  7.52272 5.03829
21  0.528159  0.393035  -0.339286  -0.0967493 133.207
21  0.284405  0.119628  -0.254536  0.0422732 134.691
21  0.226038  0.0244651  0.224572  -0.00787207 135.62
21  5.05885  -0.21695  1.05579  -4.94269 85.4232
21  22.7968  0.511954  -1.29556  22.7542 84.8508
21  11.0254  0.0169891  -0.185888  -11.0239 2.28371
21  1.12274  -0.0745931  -0.159195  -1.10889 87.1637
21  8.57267  -0.745413  0.804884  -8.50219 3.41823
21  11.9449  -0.543077  0.163952  11.9314 12.2621
21  4.60548  -0.260123  -0.678452  4.5478 87.276
21  0.871622  -0.0449003  -0.226817  -0.840395 89.2779
21  12.8389  0.33071  2.91376  -12.4996 87.2093
21  37.8989  0.979548  0.627818  37.881 0
21  17.2224  1.83316  -0.903183  17.1008 93.6593
21  3.66094  -0.0680077  1.57634  -3.30349 85.7807
21  2.03493  0.187494  -0.403772  1.98564 93.2072
21  2.82904  -0.465357  -0.269568  -2.77745 7.45225
21  29.7058  1.22786  2.58124  29.568 0
21  9.8035  -0.914353  -1.63855  9.62226 0.513273
21  10.6728  -0.275071  0.582686  10.6533 1.43999
21  1.97766  0.269041  -0.411401  1.91559 3.93016
21  26.4747  0.240782  0.738918  -26.4633 13861.9
21  5.46183  -0.174007  -4.67025  2.82666 0.159533
21  13.7517  -1.18675  2.29198  13.5074 0
21  0.366819  -0.332576  0.119441  0.0984037 1.96705
21  66.052  -2.05085  -1.49695  66.0032 0
21  16.6333  0.943733  1.27239  16.5577 1.76037
21  14.9512  -0.137232  0.25539  14.9484 12.8516
21  31.4904  -0.168632  -0.777179  31.4803 26.8918
21  4.41031  0.120453  -1.41205  -4.17641 0
21  1.2724  1.06647  -0.601509  0.346162 0.194035
2  5.84534  0.0231061  -0.317415  -5.82733 1.80652
21  1.43173  1.39988  -0.300193  -0.00846691 1895.19
21  49.9756  -1.22155  0.151414  49.9605 0
-1  2.97817  -0.526127  0.208233  -2.90525 1.94483
21  15.2137  -0.395903  -0.419918  15.2027 5.92588
1  2.92553  -0.964938  -0.730753  -2.64286 0
21  0.0363915  -0.000645306  0.0157066  0.0328211 14.1284
21  0.720657  -0.568251  0.331301  0.29441 9.37247
21  3.34219  0.480777  0.166002  3.30326 7.54116
21  13.052  0.593289  0.0912123  13.0382 14.8168
21  1.04135  -0.132257  -0.444636  0.932323 8.72907
-2  15.2804  -0.571892  -1.16547  15.2216 12.4185
21  4.96908  0.514547  0.14228  4.94032 15.8268
2  45.7519  1.05252  0.371204  45.7371 0
#  4  109
-1  100.294  -2.30526  2.64949  100.232 0
2  10.4313  7.62906  -3.50454  6.18219 9.1044
-2  11.8669  -0.432704  7.1131  -9.48314 0
2  325.725  -20.1489  0.152668  325.101 0.610035
21  4.16695  0.403635  0.160836  4.14423 8.72912
21  18.2056  -1.97423  -0.895988  18.076 0.644932
21  108.923  -3.37196  1.84572  -108.855 0
-1  2.86547  -0.864642  2.59861  0.775643 0.0660357
21  7.17252  0.743843  4.5833  -5.46673 2.18807
21  9.82047  -0.92273  -0.137632  9.77606 20.4387
21  51.0905  0.997576  -3.50485  50.9604 3.3748
21  38.7453  -1.11468  -4.19122  38.5018 0.153493
21  0.823917  0.47979  0.168992  -0.648137 2.31086
21  31.296  -0.337567  -3.80772  31.0617 2.58445
21  24.8012  -3.61929  -1.23758  24.5045 7.2402
21  2.9334  -0.453354  -0.494488  2.85566 9.92179
21  9.44429  2.74187  6.64372  -6.1268 0.352322
21  2.62219  0.143676  0.028865  -2.61809 10.3804
21  21.0317  0.337477  -2.90268  20.8277 5.71389
21  26.1573  -0.0181829  0.788774  26.1454 3.34655
1  99.007  -0.89904  2.29218  98.9759 36.1724
1  1.85645  0.0379118  1.19589  1.38055 0.95089
21  23.4187  -0.663016  -2.16155  23.3093 11.9721
21  4.28822  -0.437357  2.354  -3.55756 1.26612
21  11.2058  -1.03786  0.0357154  -11.1575 7.25309
21  6.9549  -0.149094  -0.449078  6.93879 13.6949
21  27.0996  21.1465  -7.99986  14.9405 0.00667261
21  1.34652  -0.676826  0.130296  -1.15673 8.98164
21  16.4138  -1.28926  -0.245206  16.3613 49.3215
21  25.4172  -1.38427  -2.10469  25.2921 19.817
21  1.97093  0.00215957  0.183537  -1.96236 29.7804
21  30.0995  -0.866699  -0.250945  30.086 8.0493
21  6.10627  -0.229712  -0.789466  6.05066 11.9082
21  10.6082  -0.879714  -0.678754  10.5499 19.8339
21  6.62279  -0.328367  0.230279  6.61064 6.25695
21  3.87196  1.53856  -0.34955  -3.53592 3.73555
21  20.3511  -2.59728  2.89634  19.9758 0
21  6.5101  3.87989  -1.49669  -5.00877 0.101617
21  4.92284  2.36293  -1.62505  -4.00127 1.43175
21  0.778432  -0.328701  0.215792  0.671823 4.66128
21  0.926047  -0.0373834  -0.900358  0.213358 0.942417
1  140.401  1.63281  6.1459  -140.257 0
21  29.1514  -0.852143  -0.710114  29.1303 41.1607
2  103.359  -0.740789  -2.45281  103.327 0
21  1.87513  0.439569  -0.776428  1.64925 1.44902
21  4.14672  -0.464854  -0.44661  4.09631 0.0845767
21  2.18694  1.39238  -1.31475  -1.05614 0.0984576
21  13.7466  -0.573118  1.31185  13.6719 0
-3  3.80732  0.424899  1.00528  3.61311 9.607
21  1.70154  1.26751  -0.861949  0.738706 0.114615
21  0.426538  0.168253  -0.350629  -0.175171 1.02903
21  0.91925  -0.181453  0.524548  0.732765 0.710883
21  1.97596  -0.131751  -0.376204  1.93534 3.9588
21  1.12077  0.597086  0.909492  -0.269136 0.286763
21  7.97718  -1.42437  0.921097  7.79475 1.5619
21  0.845511  -0.150516  -0.772608  -0.308725 0.962234
3  4.58641  -0.0646659  0.900102  4.46887 0.677535
21  1.93062  -0.748357  -1.32732  1.18553 0.125514
21  44.9895  0.637947  2.27887  -44.9272 127.614
21  3.92624  -1.88864  -0.788644  3.35059 108.414
21  0.622494  0.567947  0.00314866  0.254804 16501.6
21  141.697  -0.794841  -2.18453  -141.678 0
21  8.24379  0.0796111  -1.12883  8.16575 16495.1
21  2.38243  -0.00667657  0.328004  -2.35973 16.2308
21  4.20619  -0.187071  -0.504461  -4.17164 16501.1
21  37.7399  0.526968  0.30039  -37.735 108.24
21  0.594621  -0.387559  -0.14453  0.427181 17.0585
21  28.3683  -0.0132736  1.43029  -28.3322 125.618
21  0.484971  0.185419  -0.165234  -0.416551 128.416
21  2.72674  0.511074  -1.23662  2.37585 133.935
21  5.66049  -2.17146  1.53695  -4.99636 134.37
21  0.893659  0.167506  -0.129786  -0.868173 134.233
21  0.973839  0.215837  -0.791386  -0.524866 135.138
21  1.16249  0.655027  -0.916982  0.285424 133.662
21  1.64638  1.0904  -0.0583491  1.23215 134.308
21  2.22801  0.805488  -0.422757  -2.03384 134.639
21  7.62186  0.1688  0.859001  -7.57142 139.496
21  0.93244  -0.559055  -0.464521  -0.584058 133.996
21  0.148067  -0.0455852  0.0215463  -0.139217 138.459
21  19.974  -0.337351  0.219949  -19.9699 133.476
21  1.64496  -0.315866  -0.0187652  -1.61424 134.491
21  0.34177  -0.245708  0.124433  0.202362 135.222
21  0.261503  0.242491  -0.0939791  -0.0273812 135.522
21  19.7103  1.73803  -0.267829  -19.6317 1.13894
2  40.4019  -0.194464  1.86662  -40.357 0
21  3.59639  -0.230715  2.29079  -2.7628 491.856
21  28.1355  0.139291  -1.54297  28.0928 0
21  4.10279  -0.401663  -1.30736  3.86813 1.53409
21  1.51034  -0.309837  -0.256394  -1.45581 2.3149
21  0.136443  0.107112  -0.0762509  -0.0364608 3.35158
21  3.68068  -0.254796  -0.205781  -3.66608 9.50479
21  9.36794  -0.827357  0.394372  -9.323 7.405
21  2.02242  -0.363748  0.0444778  1.98894 2.07187
21  6.04636  -0.55757  -0.157921  6.01852 7.7116
21  12.9424  1.30819  0.00255875  -12.8761 5.22038
21  1.20971  0.560587  -0.237283  1.04539 3.17527
21  2.69781  -0.496421  0.195438  -2.64453 3387.88
21  2.5765  1.86993  1.70178  0.495646 3388.11
-1  0.580962  -0.285099  0.168091  -0.34508 3389.27
21  0.937701  -0.725963  0.325164  -0.496517 3388.56
21  1.09735  0.275539  -0.819841  -0.675365 3388.3
21  13.9668  0.0103614  -0.495429  -13.958 25.1438
21  0.236722  -0.0955537  -0.114201  -0.184024 3412.33
1  1.38547  0.816383  0.779529  -0.732453 3388.62
21  2.81331  -1.16989  1.71672  -1.89709 0.443018
21  19.2389  -0.519148  -1.81458  -19.1461 0
21  7.21518  -0.318632  -0.229826  7.20448 0
21  1.5728  -0.730134  0.894391  1.06802 0.504732
21  0.685157  -0.0827963  -0.606895  -0.307022 0.904621
21  2.29549  0.215449  0.339311  -2.26003 2.65313
21  2.71784  -0.222804  -0.126387  -2.70574 25.1298
-3  23.0491  -1.19883  -0.599975  -23.0046 2.71188
21  33.1703  0.906011  0.487035  -33.1543 0
21  7.52294  0.0906446  0.614009  -7.49729 6.51795
21  2.38588  0.190072  0.567907  -2.30949 0
21  2.94241  0.530128  0.556985  -2.84016 10.0594
21  1.82632  -0.194122  -0.705034  -1.67353 2540.66
1  5.6441  -0.156782  -0.323763  -5.62295 27.243
-2  72.4553  -0.206907  1.05606  -72.4466 0
21  0.856184  0.565811  -0.513365  0.386479 0.563302
21  4.13393  -1.21468  -0.261086  -3.94281 0
#  5  121
1  66.162  -11.5885  24.231  60.4638 0.20207
21  16.1036  7.87139  -11.5572  7.98734 2.85928
3  42.1441  -8.10267  -4.82272  41.0726 0.0253306
21  10.8102  -0.74556  2.72129  10.4354 5.46874
21  0.727887  0.293473  -0.323455  -0.582297 9.65847
2  0.421767  0.253254  0.0565048  -0.0407002 4.09106
-3  5.24631  2.18982  -0.573892  4.70628 0.218687
21  0.592288  -0.555806  -0.0382584  -0.20105 0.628674
21  20.2024  1.53056  7.13394  18.8389 2.29052
21  16.5865  -0.488083  6.35408  15.3134 0
21  4.01342  -0.628012  1.55936  3.64439 7.27408
21  0.259249  0.184864  0.16583  -0.0744025 2.26078
21  33.3312  13.1194  -25.8754  16.4107 0
21  1.00074  -0.588878  -0.617198  -0.523225 0.522661
21  0.553308  -0.474531  -0.272767  0.0810454 0.41768
21  66.3393  -3.37343  -3.95539  -66.1353 0
21  47.9996  0.633151  0.826351  -47.9883 6.51574
21  6.38642  -0.319411  2.37031  5.92165 6.09063
21  1.31293  0.719903  -0.679673  -0.862306 7.04475
21  4.85496  -0.0524904  -0.410158  -4.83732 14.7068
21  22.7924  -1.08072  6.64285  21.776 2.3542
21  1.74683  0.346732  -0.381022  -1.66913 11.0186
21  11.1696  0.759996  3.24929  10.6595 1.95404
21  11.6093  -1.37992  -1.16043  -11.4684 8.7407
21  2.50986  -0.0717673  -0.494552  2.4596 0.71318
21  0.58593  0.492806  -0.255644  0.187357 0.977419
21  1.10155  0.785527  -0.402188  -0.65924 0.191491
21  11.6861  -2.47991  -2.0161  11.2406 10.9718
21  6.89181  -0.234037  -0.94466  -6.82275 12.205
21  4.3962  -0.0982298  -0.595668  -4.35455 14.4718
-2  3.29066  2.67798  -1.23  1.42654 0.0976369
#  6  31
1  29.1567  -5.53249  9.85184  26.8764 0
-2  30.7096  15.9124  -15.5031  21.1995 0
2  13.2395  -0.535803  -1.96577  13.0777 0.811197
2  42.0089  -1.86702  -1.93355  -41.9216 0
-1  11.4695  -4.94307  4.37734  9.3726 0.571782
21  7.67022  0.364541  -2.50217  7.24145 1.31319
21  1.4201  1.2481  -0.558057  0.384057 0.974306
21  15.2913  -0.480882  -0.527511  15.2747 2.6966
21  11.18  -0.94349  3.48615  10.5806 2.25797
21  8.37617  -0.241886  -1.69736  8.19882 5.04787
21  2.48207  0.220383  0.207269  2.46356 2.55015
21  17.7866  -4.01882  6.45788  16.0782 15.7613
21  66.2506  -2.83798  1.40979  66.1748 0
21  13.2366  2.15119  2.13897  -12.8843 0.278088
2  53.6681  -0.172397  -3.33793  -53.5629 0
21  28.2311  -2.49248  0.103359  28.1206 8.3358
21  5.43542  0.258695  1.05644  -5.32548 4.17562
21  3.83896  -0.0148855  -0.547707  3.79966 3.83188
21  1.81706  0.643331  -0.0458502  -1.69874 3.69882
1  20.6034  -0.257722  -1.90687  20.5107 760.258
21  2.11994  0.570858  1.83886  -0.887042 760.408
21  3.2534  0.446913  -0.822154  3.11592 763.134
21  1.89539  -0.90162  0.278968  1.6437 760.569
21  24.8691  1.17733  1.36674  -24.8036 0
21  9.01877  0.306231  -0.322752  9.00778 760.347
21  1.61586  -0.568417  1.47607  -0.330352 761.955
21  2.19247  0.000425109  0.462986  -2.14303 761.606
21  2.3916  -0.0762064  -0.231741  -2.37913 23.3418
21  6.39443  3.40099  -1.03861  -5.31445 0.195661
21  3.50989  -2.11367  2.73209  -0.622441 0
21  7.32609  -1.40686  1.09828  -7.10535 12.3088
21  1.31271  0.21552  -0.452327  -1.21332 13.2231
21  77.8077  -2.16567  -0.599149  -77.7753 0
21  65.2369  -0.600139  -0.827438  -65.2289 29.5735
21  11.6383  -0.149113  -0.537215  -11.6249 16.1474
21  8.65033  -0.674731  -0.86126  8.58086 0
21  1.69291  -0.723695  -0.47744  1.45405 1.94846
21  21.2066  -0.413407  -2.15864  -21.0924 81.1253
21  4.20855  0.898527  1.47902  3.83628 2.57643
-1  48.1405  -0.77118  -1.00287  -48.1228 0
21  1.51837  -0.541678  -0.697914  1.23488 0.876842
21  8.85239  0.872047  1.33045  8.70828 0.303906
1  4.54827  -0.584155  0.333304  -4.48615 4.11483
21  4.84862  0.417959  -0.19924  4.82646 0.871936
21  0.428453  -0.373546  0.204713  -0.0461319 1.73384
21  4.56242  0.527303  -0.5238  4.50147 3.49158
21  5.08594  -0.548313  -0.0872639  -5.05554 87.5371
21  1.50657  -1.21423  -0.141844  0.880494 0.68775
21  42.1641  2.26011  0.756215  42.0967 0
21  2.66649  2.02904  0.42427  1.67726 0.678068
21  0.817878  -0.16382  -0.737981  0.312206 0
1  2.41311  0.00403429  0.0858847  2.38889 0.218634
-1  1.61866  0.696597  -0.663517  1.25923 1.15094
21  3.04857  -0.376065  -0.756647  2.92914 0.209141
21  2.48882  -0.0016303  -0.318704  2.46833 3.69119
21  0.373249  0.11608  -0.0779209  0.346076 8.48756
21  1.92626  -0.0337341  0.486803  1.86343 1.64279
21  4.47198  2.07831  -0.128003  -3.95763 20.7855
21  26.9463  -0.578553  1.75905  -26.8826 18.0098
21  15.4508  -0.18086  0.726813  -15.4326 0
21  18.475  -1.03997  0.219478  -18.4444 27.9863
21  3.42107  0.506823  -0.0884158  -3.38217 21.7214
21  12.5034  -0.277926  -0.344094  -12.4955 18.2777
21  3.98819  0.901155  -0.376565  -3.86675 19.2094
21  0.174942  0.131595  -0.0130589  -0.114528 22.9875
21  8.906  2.42067  1.09875  8.49999 0
21  3.07128  -0.639007  -1.85695  2.36139 0.217223
21  14.2029  0.135835  0.795286  -14.18 7.76646
21  0.740068  0.648055  -0.0689387  0.350674 0.967489
21  28.0205  -0.0546874  0.4746  -28.0165 45.2971
21  0.905153  -0.151311  -0.787944  -0.418989 0.587095
21  15.66  -1.3307  1.62384  -15.5186 0.601594
21  1.54385  0.143963  -0.556818  -1.43273 2.50788
2  20.8987  1.59977  -0.743969  20.8215 0
21  1.36869  -0.593437  0.183792  -1.21957 2.28259
21  4.75315  0.0271073  0.344354  -4.74058 1.97251
3  9.89269  0.800875  -0.421774  9.8385 11.9772
-3  9.1419  -1.00736  0.0616874  9.07225 14.1055
21  11.7753  -0.435653  1.27525  -11.6979 1.31022
21  0.0576791  0.0462041  0.0291116  -0.0185629 2.88395
21  0.303016  0.153582  -0.15934  -0.206983 2.1085
21  0.881649  0.541816  -0.388628  -0.57681 0.898567
21  0.503663  -0.0223888  0.157633  0.477836 1.46197
21  1.47086  0.479473  -0.26909  -1.36423 1.46356
21  55.571  -0.834672  -1.21749  -55.5514 45.1706
21  0.416256  0.34479  -0.231691  0.0266145 0.251867
-2  30.7045  -0.260737  -1.52756  -30.6636 3.04098
2  33.8922  -0.274842  1.32054  -33.8638 0
21  0.542478  -0.00480723  0.282743  0.462942 139.83
-1  46.439  0.593849  -0.582504  46.4304 0
21  4.69727  -0.508805  -0.18089  4.66612 4.78552
21  0.950055  -0.561822  0.130392  -0.754955 0.493564
21  4.88344  0.40468  1.09636  4.74154 137.814
21  1.39693  1.30061  -0.239328  0.450049 139.138
2  20.2167  0.756841  1.29854  20.1581 0
21  3.91074  -0.654255  -0.656902  -3.79925 1.3581
21  0.799631  0.665584  0.178153  -0.405794 0.672141
21  3.01417  -1.07795  0.270799  -2.80177 3.57539
2  30.0894  0.611095  0.467334  -30.0778 17.9285
#  7  99
2  71.4872  11.7  9.58548  69.868 0
2  39.9909  -9.52819  -10.5984  37.3637 0
21  38.3871  -0.223095  1.71445  38.3482 7.28729
21  9.66493  0.872578  -0.171549  9.62393 5.68392
21  1.72592  0.539257  -0.430088  1.5821 2.35536
21  24.8864  1.51729  1.81442  24.7737 1.03662
21  4.95222  -1.00627  -1.50956  4.60793 6.33998
21  1.84665  -0.838525  -0.0974774  1.6424 8.0324
21  10.4115  -0.418654  0.665371  10.3817 16.7232
21  5.10173  0.725567  1.08418  4.93211 4.42206
-2  2.17125  -0.749432  -0.566555  1.92945 14.638
21  29.8351  0.639765  0.881097  29.8153 31.3833
21  3.88833  -0.825993  -0.2885  3.78862 9.84126
21  46.7538  -0.235506  0.846179  46.7456 122.054
21  2.10852  0.246369  -0.413937  2.05275 1.66443
21  68.7431  2.33696  -3.68072  68.6047 0.450182
21  21.9985  0.098756  1.26026  21.9622 3.65714
21  74.8837  -1.34411  1.05769  74.8641 0
21  4.33077  0.744473  0.225092  4.26036 2.91629
21  3.05462  -0.407792  0.315019  3.01084 22.9023
21  15.6125  -0.373487  -0.70607  15.592 17.6423
21  15.0872  -0.887631  0.870409  15.0359 16.0845
21  44.9512  -0.750551  0.769106  44.9383 137.126
21  9.85087  -0.132636  -0.150198  9.84883 0
21  38.9282  -0.552554  -0.345938  38.9227 166.141
21  4.71513  -0.691253  -2.77629  -3.74791 0.136451
21  45.9308  0.104277  1.31838  -45.9118 32.5855
21  2.47172  0.147938  -0.886708  -2.30245 0.935028
21  0.245578  -0.126117  -0.158082  0.139331 2.19066
21  2.21299  -1.23909  -1.34397  -1.2473 1.30203
21  10.7546  -0.77714  0.521358  -10.7139 9.31599
21  49.1235  -0.944895  1.74625  -49.0833 0
21  13.6487  -0.0918685  0.400545  13.6425 24.2065
21  0.837218  0.492668  -0.453946  0.50214 0.379213
21  1.63764  0.881843  0.318681  -1.34263 1.26438
21  32.8102  -1.51639  -0.444792  -32.7722 0
21  12.9762  -0.752979  -0.131846  -12.9537 0.585672
21  0.842545  0.105473  0.794787  0.258982 0.38587
21  0.579485  -0.105735  0.460596  -0.335371 0.903741
21  0.472623  -0.281602  -0.267155  -0.26963 0.985606
21  1.67914  0.0946903  0.248826  -1.6579 11.3265
21  4.52163  -0.779736  -0.565476  -4.41785 9.42394
21  1.30265  0.782836  -0.183324  -1.02491 0.156207
21  10.7449  -0.496809  -0.745808  -10.7075 15.4082
2  4.82194  -0.632554  3.95301  -2.66754 4020.75
21  18.8689  -0.340103  -1.41823  -18.8125 4020.6
21  2.86394  -0.0652057  -0.69138  -2.77847 0
21  14.09  0.500876  -0.0458862  -14.0811 4026.79
21  2.76862  -0.381238  -0.783813  -2.62784 1083.48
21  2.15711  1.70522  -1.02962  -0.827785 1080.53
21  0.705988  0.0701512  0.376174  0.593288 0.191588
21  15.4395  -1.21415  -1.84707  -15.2805 1085.56
21  22.8851  -1.42467  -0.753  -22.8283 1080.37
21  0.442816  -0.0969665  0.391055  -0.183737 0.691684
21  0.418913  0.37403  0.158237  -0.102719 1084.09
21  2.38843  -0.446158  -0.62475  -2.26168 0
21  37.1218  -1.14664  0.109656  -37.1039 0
21  28.8317  1.97457  2.65549  -28.6412 0.947735
21  27.531  0.84323  0.588637  -27.5118 7.59047
21  15.1447  0.0365992  -0.859891  15.1203 472.672
21  14.3693  -0.687484  -0.451336  -14.3457 12.2563
21  8.47176  -0.807767  -1.42928  8.31117 475.786
21  0.72864  -0.458908  0.45981  -0.329991 477.563
21  1.32401  0.125183  -0.446943  1.23999 477.273
21  0.802762  -0.31166  -0.0502587  -0.738085 3.74126
21  7.07658  -0.217456  0.588186  -7.04874 7.94578
21  82.3521  1.12625  -2.23617  82.3141 0
21  0.146109  -0.129446  -0.0657391  0.0164273 2.86845
21  14.6681  -1.24698  -1.55324  -14.5322 0
21  0.113295  -0.00545864  0.0852221  -0.0744521 1.6524
21  22.9201  0.636885  -0.023411  22.9113 0
21  7.88895  0.258584  0.922022  7.83061 3.50202
21  0.267325  -0.263185  0.00371786  0.0467155 2.4727
21  12.7943  -1.21832  -0.0338204  -12.7361 5.33857
21  2.84674  0.197771  0.718979  -2.74734 1.05585
21  4.78487  0.570153  0.482881  4.72617 0.204441
21  2.50418  -0.769319  0.363475  -2.3552 3308.52
21  0.231965  0.00145811  -0.0308825  0.229896 3312.37
21  0.749454  0.0539921  0.563643  -0.490991 3309.18
21  0.302771  0.0952056  -0.00114084  -0.287411 3308.96
21  158.746  -2.30176  -2.55402  -158.708 0
21  7.25108  1.60074  -1.35435  6.9413 0
21  2.23158  1.55792  -0.0504695  -1.59696 3308.64
21  0.726899  -0.588276  -0.00688466  0.426926 3308.92
21  0.400627  0.283304  -0.0364392  -0.280914 3309.78
-2  3.74552  -0.181914  0.32724  3.71212 0
21  0.939783  -0.104936  0.538115  -0.763291 0.199286
21  1.08698  0.0341266  -0.908246  0.596202 0.503469
2  28.3751  0.834026  0.688433  -28.3526 0
21  7.87246  0.256189  0.86412  -7.8207 8.66245
21  1.60602  0.0898201  0.008926  1.60348 108.114
21  22.6831  -0.337219  0.699435  22.6698 0
1  2.40463  1.52216  0.00559277  -1.83203 2.05009
21  6.4963  -0.630213  -0.18408  6.46303 24.4704
2  45.348  0.785849  0.728116  45.3341 0
-2  4.0465  0.529277  0.332828  3.98426 0
#  8  96
-2  336.912  37.9718  -20.1232  -334.159 0
2  179.523  -9.70785  17.5078  -178.403 0
2  56.7854  -20.084  3.79068  -52.9787 7.76359
2  43.9436  3.05376  -1.16491  43.8207 38.5421
3  6.15169  -1.24275  -0.485747  -5.98439 7.73423
21  64.6111  5.10882  -2.51252  -64.3597 0.245008
3  19.9888  -1.35512  -0.880249  -19.9171 3.50095
21  1.92445  0.21434  -0.699198  1.78008 1.43178
21  2.92835  1.71644  2.04659  1.20022 0.668169
21  64.1035  -21.0869  3.4893  -60.4353 13.9133
-3  11.7394  -0.30643  1.32636  -11.6494 5.51912
21  11.7532  -1.66886  -1.79017  -11.4956 0.393179
21  1.52997  -0.667272  1.37158  0.119736 1.22277
21  8.43192  -0.49207  0.895783  -8.36975 3.99397
-3  8.63453  -2.93759  -0.112333  -8.10328 3.28082
21  18.7953  1.45801  -1.23209  -18.6981 12.8475
21  5.33022  -1.31607  -0.172971  -5.16229 4.17038
21  0.449898  0.309883  -0.17  0.278353 1.98872
21  9.51492  -2.67455  0.402341  -9.12242 31.5671
21  120.951  9.72271  -1.63825  120.549 0
21  0.626746  0.071616  -0.295482  -0.548062 16.5937
21  1.27176  0.255788  -0.246652  1.22111 0.85242
21  0.818019  -0.616734  -0.333987  0.421007 2.21448
21  12.6975  1.35689  -0.405491  12.6182 32.7351
21  29.6462  1.78399  0.740458  -29.5832 2.55233
21  0.973838  -0.345245  -0.661445  -0.625824 0.432463
21  2.87264  1.6586  -0.368946  -2.31625 0.226414
21  0.884655  -0.182602  -0.685719  -0.528262 1.17685
21  4.45569  -0.427216  0.351029  4.42125 5.6838
21  0.73917  -0.342384  -0.318503  0.572453 3.82377
-1  25.9071  -0.755243  0.083193  25.8939 48.0497
21  15.244  1.11599  0.26009  15.2008 2.30293
21  1.87609  -1.0367  0.674237  -1.4108 0.684822
21  1.4893  -0.472931  -0.283587  -1.38345 11.0301
21  6.92614  0.731039  0.533439  -6.86676 11.6675
21  1.71783  -0.216688  -0.400676  -1.65634 1.25529
21  26.5477  1.36648  -0.343465  -26.5102 21.1308
21  0.325568  -0.26697  -0.164334  0.0878408 2.29196
21  3.33719  0.308275  0.34031  -3.30545 9.52795
-2  19.05  0.549868  0.698069  19.0264 2167.22
-2  7.68141  0.501223  -0.425126  7.64613 0
1  4.3332  -0.0560246  0.246217  4.31323 0.330719
2  8.16603  -2.31696  1.31748  -7.71175 0
21  3.76252  -1.82896  0.145987  -3.28484 2.27872
21  1.58636  0.974022  0.375863  -1.19438 1.30023
21  2.23637  -0.508509  -1.68734  1.37682 0.224627
21  1.64877  1.13009  0.612088  -1.03281 0
21  1.39906  -0.958785  -0.632401  0.798855 1.77094
21  0.412491  -0.130767  -0.284147  -0.268903 1.20277
21  1.99597  0.107426  1.32165  -1.49184 0.402176
21  1.20066  1.19405  0.0520744  -0.114548 0.524586
21  0.81793  0.143125  -0.103256  0.798663 2.59401
2  23.5842  0.903437  -0.0777207  -23.5644 0
#  9  53
