21 -0.226969 0.980937 0.611456 -1.17798 
21 -1.01914 -0.471611 0.0766304 -1.12558 
21 0.817697 1.33902 -8.20079 -8.34952 
21 -0.529674 -0.61888 -0.411877 -0.912803 
21 0.12334 -0.639213 -0.293774 -0.714219 
-1 0.0890002 -0.401105 1.24282 -1.30897 
21 -0.546642 -0.311822 -0.106176 -0.638219 
2 -0.580266 -0.639356 0.428263 -0.963792 
2 0.575801 -0.186774 0.66679 -0.900578 
21 -0.293525 -0.157268 -1.24012 -1.28405 
21 0.0638479 0.447192 0.0648296 -0.456355 
21 0.00281112 0.36793 -0.835822 -0.913224 
-2 -0.143932 0.863208 1.71889 -1.92884 
-3 -0.572421 0.00693885 0.0248695 -0.573003 
2 -0.697429 -0.175915 -0.230901 -0.755426 
21 -0.972688 1.15984 1.19157 -1.92644 
21 -0.507067 -1.02914 -0.985996 -1.51276 
21 0.0834233 -0.537235 0.0718997 -0.548408 
-3 -1.04918 0.380575 0.211937 -1.13601 
21 -0.0710603 0.226627 -0.517749 -0.569626 
21 -0.00525408 -0.360878 -1.16349 -1.21819 
21 -0.703314 -0.123154 0.383528 -0.810501 
21 -1.15344 -0.213497 1.79169 -2.14154 
-1 0.792347 -1.56396 1.44706 -2.27327 
1 -0.321087 -0.770187 0.387545 -0.920041 
21 -0.105191 -0.8534 0.0757209 -0.863186 
-3 0.881054 -0.729924 1.91006 -2.22652 
21 -0.620692 -1.17623 -0.0700118 -1.33179 
21 -0.401387 0.212077 -0.346143 -0.570879 
-3 0.148249 -0.171204 -0.539669 -0.585262 
21 0.229107 0.281078 0.194761 -0.411615 
-2 -0.364963 0.156622 -1.75003 -1.79453 
21 0.771891 0.14706 1.70086 -1.87359 
21 0.0779194 0.0130121 0.181079 -0.197561 
21 -0.0897814 0.256286 0.512129 -0.579672 
21 -0.568834 0.16145 0.0366664 -0.592437 
21 0.473801 -0.470966 0.245964 -0.711895 
1 -0.874083 0.531769 -0.192551 -1.04109 
21 0.568537 0.205879 0.282844 -0.667549 
21 -0.31938 -0.137668 -0.174312 -0.389025 
-2 -1.04091 -0.0702126 -0.729451 -1.273 
-1 -1.04946 -0.00699809 -0.628663 -1.22337 
21 -0.0406918 0.163975 -0.145876 -0.223212 
21 -1.79337 -0.17969 0.793723 -1.96938 
-2 -1.201 0.0618641 -14.209 -14.2598 
1 0.599993 0.226785 0.147645 -0.658196 
21 -0.36857 -0.0542239 0.17001 -0.409496 
21 -1.87381 1.06046 -5.49723 -5.90384 
21 -0.081423 0.00111622 -0.214975 -0.229881 
-1 0.480421 0.229314 -1.56615 -1.65415 
-2 0.042233 0.159996 0.0840055 -0.185578 
-1 1.87801 0.479523 -1.45664 -2.42459 
21 -0.264954 -0.300197 -1.2413 -1.30428 
21 -0.561786 -0.421598 -3.82653 -3.89046 
21 -0.645131 -0.482807 0.54013 -0.97007 
-2 -1.20472 -0.379219 3.86971 -4.0706 
-2 -0.143175 -1.73412 -14.8117 -14.9136 
-2 0.469083 0.400259 1.35892 -1.49229 
-3 -0.141414 -0.389587 0.184177 -0.453539 
21 0.102833 0.1694 1.46019 -1.47358 
21 -0.113806 0.548829 1.16847 -1.29595 
21 -0.139444 0.89345 -19.0488 -19.0703 
21 -0.540434 -1.08837 5.49126 -5.6241 
21 -0.483786 0.360128 2.13721 -2.22068 
21 -0.0949631 0.198243 -0.17145 -0.278772 
21 0.00342844 0.355323 3.03959 -3.06029 
21 -1.0583 -0.502359 2.72824 -2.96911 
21 -0.0233344 -0.524213 2.46492 -2.52016 
-2 0.473936 0.579735 -0.0117065 -0.748896 
21 -0.201629 -0.173776 -1.96544 -1.98338 
# 0 70
1 0.252293 -0.134839 -0.237567 -0.371849 
3 0.377928 0.999732 1.13071 -1.55589 
21 -1.09164 1.1434 0.542731 -1.67141 
21 -0.137544 0.0887555 -0.528892 -0.553645 
1 -1.76974 0.332506 -2.14663 -2.80188 
21 -0.620208 -0.821363 0.0516063 -1.03051 
-1 0.46112 -0.298056 -1.02182 -1.15999 
21 1.03157 0.973563 0.353175 -1.46174 
21 -0.146713 -0.0377219 -0.906539 -0.919108 
21 0.645161 0.36753 -0.796645 -1.08902 
-1 -0.790637 0.165221 -0.0607674 -0.809998 
3 0.194748 0.0257577 0.259243 -0.325265 
21 0.0894725 -0.596595 0.506494 -0.787697 
-1 0.944175 0.134296 -1.51467 -1.7899 
21 -0.30326 0.329131 0.0550259 -0.450912 
-3 0.296672 0.166314 -0.0277015 -0.341236 
1 1.19482 0.09629 0.884043 -1.48943 
1 0.310328 -1.16138 -1.5549 -1.96541 
21 -0.466649 -0.0908574 -0.0385151 -0.476969 
-3 -0.775454 -0.409585 -1.63582 -1.85607 
21 0.379689 -1.51641 1.04745 -1.8817 
-3 -0.143371 -0.289951 0.547205 -0.635657 
-2 0.371155 0.833927 -1.54656 -1.79584 
-1 0.424662 0.0353287 -1.11771 -1.19618 
-2 0.892995 -0.124003 -0.816929 -1.21663 
21 0.626774 -0.129111 0.0478393 -0.64172 
3 0.696535 -1.34061 1.32792 -2.01141 
21 -0.19746 -0.603632 5.82559 -5.8601 
21 1.3883 0.0843982 -0.478725 -1.47095 
21 0.639997 -0.299177 -0.212977 -0.737877 
21 -0.0475125 -0.365639 0.0702132 -0.375339 
21 -0.89758 0.284018 4.09188 -4.19879 
21 0.50922 0.561549 0.638781 -0.991304 
-1 -0.1204 0.0486792 -5.34489 -5.34647 
21 0.820396 -0.481634 -1.65501 -1.90895 
-3 -0.485885 0.113388 0.491966 -0.700693 
3 0.721861 0.0991899 1.49817 -1.66596 
21 -0.0577737 1.46949 -3.25871 -3.57519 
21 -0.894582 -1.68634 1.04612 -2.17678 
1 0.41321 -0.133985 0.517411 -0.675581 
-2 1.67133 0.644356 5.74615 -6.01886 
21 1.03124 0.504561 0.95352 -1.49239 
21 0.736322 -0.716236 -0.784855 -1.29273 
21 -0.547218 -0.1653 0.337385 -0.663778 
-2 0.177278 -0.826175 0.42752 -0.946978 
21 -0.53975 -0.180067 3.40733 -3.45452 
2 -0.806548 0.190923 0.386501 -0.914524 
-1 0.705729 0.0800293 -0.645216 -0.959564 
21 -1.1196 -0.821986 2.31649 -2.70098 
21 0.759348 0.31502 -0.435707 -0.930423 
1 0.0419066 0.328619 -0.609815 -0.693989 
21 -0.0535692 -0.226949 -0.0641858 -0.241858 
-2 -0.339165 0.257105 0.327731 -0.537162 
21 0.555983 0.224487 -1.98394 -2.07257 
21 0.21487 -0.220463 -0.485532 -0.574904 
1 0.327103 0.663788 0.132737 -0.751818 
21 0.0269901 -0.567085 0.824549 -1.0011 
21 -0.155731 0.890804 -2.4193 -2.58279 
21 0.347182 1.53843 3.79911 -4.11346 
21 0.261514 -0.409624 0.0190521 -0.486358 
-2 0.932054 0.515774 7.1164 -7.19568 
3 -0.188031 1.00409 2.96936 -3.14017 
21 0.593745 -0.0796326 0.379701 -0.709258 
21 0.813132 -0.487837 0.711646 -1.18558 
3 0.502602 0.071295 1.11114 -1.2216 
3 0.794957 0.575119 0.78429 -1.25612 
1 0.572466 0.343615 0.483137 -0.824141 
-2 -0.0515097 0.15474 0.0128361 -0.163592 
-1 0.971901 0.940472 4.18928 -4.40218 
21 0.319083 -0.0998546 -19.8212 -19.824 
-3 0.966972 -0.617322 3.37208 -3.56189 
21 0.0104143 -1.23998 1.07045 -1.63814 
21 -0.0592566 0.292604 0.226621 -0.374814 
3 -0.156 -0.548767 -0.47229 -0.740634 
21 -0.204082 0.436633 0.488435 -0.686197 
21 -0.553944 -0.307056 0.731521 -0.967606 
21 -0.127737 0.60305 0.183338 -0.643116 
21 0.418383 0.68205 1.38459 -1.59917 
2 0.523289 1.14976 2.78684 -3.05978 
21 -0.0106097 -0.0679655 -0.00564626 -0.06902 
21 0.395035 -0.629934 3.07437 -3.16301 
-1 1.47234 0.939945 11.0154 -11.1531 
3 1.28086 -0.748042 18.7032 -18.7619 
3 0.745881 -0.378477 5.06043 -5.12909 
21 0.284421 0.110828 0.148933 -0.339645 
21 0.0444742 -0.467594 1.36386 -1.44247 
21 1.43033 -0.0277493 14.5532 -14.6234 
-2 2.52569 0.356837 -51.9627 -52.0252 
21 0.0237527 -0.444756 0.314075 -0.544991 
3 0.287959 -0.708899 2.71901 -2.82462 
21 0.640721 -0.0971716 0.699944 -0.95388 
21 -0.073571 -1.25292 4.88233 -5.04107 
21 0.356298 -0.17372 -3.9548 -3.97462 
-1 0.184013 0.577245 -4.51664 -4.5571 
21 0.163748 0.0500318 0.474785 -0.504715 
21 0.578178 -0.628864 3.38756 -3.49361 
21 -0.164727 -0.601636 0.993239 -1.17287 
-1 0.752069 -2.14645 4.97977 -5.47458 
# 1 98
-1 1.50112 0.274803 -0.151259 -1.53354 
-3 1.33315 -0.620132 1.64233 -2.20434 
21 0.160949 -0.326889 -1.0927 -1.15185 
1 0.33553 0.584982 -0.172762 -0.696154 
21 -0.187334 0.934862 -2.05345 -2.264 
21 0.983583 -0.19094 -0.278252 -1.03986 
-1 -0.437157 -1.00464 -1.40898 -1.78483 
21 -0.137422 0.222121 -1.58301 -1.60441 
-3 -0.674293 1.09859 -0.051101 -1.29003 
21 0.36687 -0.464582 -0.138669 -0.607996 
21 0.0138082 0.465838 -4.21496 -4.24065 
21 -1.05563 -0.388172 -5.56117 -5.67377 
21 -0.524128 0.576022 -2.31641 -2.44383 
21 -1.46097 -0.709662 -2.40453 -2.90169 
21 0.103301 1.44048 -0.110446 -1.4484 
21 0.610876 0.580837 -1.43524 -1.66447 
21 0.252437 1.25796 -4.95879 -5.12209 
21 1.21194 0.54869 -0.496059 -1.41983 
-1 0.517987 0.132333 -1.89537 -1.96932 
3 -0.17502 0.742048 0.17659 -0.782592 
21 0.176899 -0.258855 -0.248778 -0.400237 
21 -0.687336 -0.483841 1.27583 -1.52783 
21 -0.0720946 0.0184781 0.465371 -0.471285 
21 -0.0782967 1.17291 -1.03316 -1.56501 
21 0.821233 0.188972 1.23398 -1.49427 
-1 0.320656 0.810314 -0.178405 -0.889527 
2 -0.170985 -2.07335 6.32492 -6.65827 
2 0.0744806 -1.17281 0.105335 -1.17988 
21 0.0499459 -0.50444 -1.27354 -1.37071 
-1 -0.205812 -0.163239 0.195998 -0.327751 
21 -0.156198 -0.159273 -0.950603 -0.976428 
21 -0.297315 1.19086 2.90967 -3.15796 
1 0.393193 -1.07162 -2.43756 -2.69159 
21 0.122214 0.686136 -0.637253 -0.944357 
21 0.125469 0.075355 -0.0452794 -0.153203 
1 0.507049 -0.386021 0.309164 -0.708303 
21 -0.364332 -0.902453 2.07267 -2.28979 
-3 -0.131367 0.163051 -1.59201 -1.60572 
21 0.0965752 -0.0766353 -0.215527 -0.248298 
21 -0.31166 0.893353 1.85833 -2.08533 
21 -0.171423 -0.555376 1.83333 -1.92326 
3 -0.702278 -0.914779 -0.0320467 -1.15371 
2 0.220099 0.0995776 -0.435179 -0.497735 
3 -0.733508 -0.45339 -0.257043 -0.899815 
1 0.547953 0.669138 -3.28359 -3.39558 
21 -1.26751 0.913086 5.06326 -5.29877 
2 0.500024 0.53159 4.01923 -4.08495 
21 0.205901 0.107786 -2.16969 -2.1821 
21 1.34327 0.0280117 5.9196 -6.07016 
-2 -0.0973487 -0.295294 0.159531 -0.349464 
21 0.413718 0.710186 1.80773 -1.9858 
21 -0.837819 -0.53762 9.3792 -9.43188 
21 0.848705 -0.521107 -1.59016 -1.87629 
21 -1.43086 0.459605 1.77561 -2.32624 
3 -0.324961 1.25163 -0.455207 -1.37091 
21 0.0987697 -0.0577658 -0.0146778 -0.115359 
-3 0.266849 0.894578 0.244272 -0.96496 
21 -0.0986964 0.487004 1.23809 -1.33408 
21 -0.0205805 0.131619 -0.103033 -0.168413 
21 0.793272 1.33229 1.9789 -2.51403 
21 -0.562057 -0.799053 1.09687 -1.46885 
21 -1.10631 1.41035 0.345273 -1.82543 
21 -0.149823 -0.276009 -0.909964 -0.962633 
21 -1.02327 0.184467 -0.127728 -1.04758 
2 1.19116 -0.312897 1.21941 -1.73312 
21 0.574649 0.0673945 -0.32917 -0.66567 
-1 0.552743 -0.276168 3.63431 -3.68646 
-1 -0.0441337 -0.289742 -0.115042 -0.314854 
2 -1.43207 1.04153 -4.10791 -4.47331 
21 -1.36184 0.356671 -1.81452 -2.29658 
-3 0.272335 0.579425 -0.703631 -0.951313 
21 0.020172 -0.102433 7.70158 -7.70228 
21 0.194473 0.27129 -0.310997 -0.45622 
3 -1.07295 -0.954512 2.69935 -3.05758 
21 0.18192 1.88676 0.450896 -1.94841 
21 -0.270824 0.253895 -1.10276 -1.16357 
-2 0.212541 -0.330257 0.53226 -0.661471 
21 0.463534 0.154455 -8.25849 -8.27293 
21 0.690872 0.511741 5.51752 -5.58411 
21 -0.366419 0.596676 2.37247 -2.47364 
21 -0.4183 -0.523414 2.69811 -2.78006 
-3 -0.454785 0.0994787 0.626387 -0.78044 
21 -0.176209 -0.0192835 0.0347522 -0.180635 
21 -0.40369 -0.261589 1.71547 -1.78163 
-2 -0.566321 0.0487774 2.88623 -2.94167 
21 -0.544086 0.121811 -0.701498 -0.896084 
21 0.294321 -0.333394 -1.49352 -1.55832 
21 -1.04204 -0.12326 2.75777 -2.95065 
21 -0.386396 0.617676 -0.963451 -1.20792 
2 0.564393 1.26474 -20.8003 -20.8463 
21 -0.612078 0.64906 0.251871 -0.927016 
-2 -1.02026 -0.0523147 -3.93745 -4.06782 
21 0.237529 0.786858 -3.39514 -3.49322 
-1 -0.166433 1.16928 1.90369 -2.24031 
21 0.229093 -0.0424768 -1.88068 -1.89505 
21 0.0374601 -1.92148 12.0347 -12.1872 
21 -0.479157 0.325295 0.232751 -0.624164 
21 -0.479537 -0.473711 -2.89587 -2.97328 
21 -0.55545 -0.41558 -2.03898 -2.15375 
-3 -1.15518 0.00663089 -6.26101 -6.36669 
21 -0.0667917 0.23845 0.125175 -0.277468 
21 0.44944 -0.669776 -23.1406 -23.1547 
21 0.213911 -0.239981 0.0152793 -0.321842 
21 -0.00414082 0.672687 -1.36836 -1.52478 
21 0.358441 -0.36205 0.47028 -0.693342 
21 0.237932 0.334812 0.174299 -0.446196 
2 -1.1804 0.285221 -11.3381 -11.4029 
21 0.231401 0.365398 0.0905391 -0.441882 
3 0.122753 -0.526768 -1.64553 -1.73215 
3 0.421404 0.90225 -2.56423 -2.7508 
21 -1.0168 -0.959971 0.458748 -1.47169 
1 -1.73414 -0.540448 3.86789 -4.27316 
-2 -0.619795 1.21682 4.47641 -4.68007 
-3 -0.455297 0.60991 0.629105 -0.98745 
21 0.871201 -0.610193 1.79045 -2.08256 
21 -0.120095 -0.251711 -0.0209242 -0.279676 
21 1.20647 1.40379 13.3235 -13.4515 
21 -0.23 -0.0419738 0.831087 -0.863346 
1 0.746016 0.346236 0.795661 -1.14433 
-2 0.762929 -0.126236 8.98178 -9.01501 
-3 -0.427402 0.371905 1.12792 -1.26222 
21 -0.40276 0.287593 5.92511 -5.94574 
21 0.0364614 0.653639 0.966176 -1.16708 
21 -0.245831 -0.17152 -0.973048 -1.01817 
-2 -0.194958 -0.014382 -0.0231612 -0.196855 
3 -0.661221 -0.607921 1.60624 -1.84033 
# 2 126
2 -0.460774 -0.974874 0.215636 -1.09963 
21 -0.764621 -0.894353 1.51189 -1.91581 
21 0.257787 -0.200205 -0.232886 -0.400964 
21 -0.131717 0.99337 -1.13524 -1.51423 
1 0.0718347 -0.471485 -0.0856969 -0.484564 
21 -0.732125 -0.92039 -0.60893 -1.32436 
-1 -0.163992 0.0277103 -0.348412 -0.386073 
21 -0.186013 -1.17162 0.851817 -1.46044 
21 0.306393 -0.198071 0.207739 -0.419839 
21 -0.292455 0.187683 -0.153458 -0.379874 
3 0.193978 1.10957 -3.92282 -4.08133 
21 -0.652005 0.885695 0.976409 -1.47069 
-2 -1.381 2.02935 1.03407 -2.66359 
21 0.198254 -0.329681 -0.471161 -0.608266 
21 0.181962 0.803371 -1.35385 -1.58475 
21 0.824093 -0.750928 0.257044 -1.14416 
-1 0.075653 0.886871 -1.05191 -1.37796 
21 -0.732857 0.325371 1.03694 -1.31079 
21 -0.224339 0.101737 -0.0119937 -0.246622 
3 -0.57814 -0.0800321 0.745928 -0.947133 
21 0.882365 0.428736 1.25886 -1.59596 
2 1.48998 0.764037 -1.54072 -2.27543 
21 -0.172096 -0.00298271 0.512664 -0.540787 
-3 0.0319975 -0.668471 -0.052771 -0.671314 
21 0.228242 0.398357 0.192633 -0.497886 
21 -0.0318211 0.114668 -0.0274957 -0.122136 
21 -0.65732 1.12631 0.454505 -1.38102 
2 0.222773 0.0172845 0.0514245 -0.229284 
21 0.0261846 0.821467 0.784438 -1.13615 
-2 0.845693 1.05679 0.0991426 -1.35714 
-3 0.628258 0.203818 -1.97161 -2.0793 
21 -0.525329 -0.0728835 0.882545 -1.02964 
3 0.652307 -0.0961253 0.387344 -0.764709 
-1 0.104634 -0.123809 -0.261948 -0.308048 
-3 -0.04624 0.798656 0.620737 -1.01257 
-3 0.116271 0.0932947 -0.266269 -0.305159 
21 -0.976352 -0.458876 2.05511 -2.32106 
21 0.0366305 1.93659 1.94991 -2.74843 
1 0.623695 0.0212969 0.918834 -1.11072 
-2 0.367442 -0.302052 -0.344511 -0.587313 
21 -0.470329 -0.243728 -0.0530179 -0.532375 
1 0.145303 0.228395 -2.73839 -2.75173 
21 -0.498281 0.758277 -1.59663 -1.83643 
1 0.70181 0.212465 2.41111 -2.52014 
21 0.197554 0.00561096 -0.250352 -0.31896 
21 0.355619 0.448407 -0.221091 -0.613526 
-2 1.09542 0.0947451 -0.63107 -1.26774 
-3 0.55253 0.778162 0.741258 -1.20842 
21 -0.175521 -0.466251 0.84498 -0.980913 
21 1.12537 0.0425387 1.88479 -2.19561 
21 -0.00866107 0.215022 0.0970353 -0.236062 
21 0.392767 -0.375045 -2.69216 -2.74639 
21 0.028254 0.41535 0.675462 -0.79345 
-1 -0.317635 -0.0321381 1.32837 -1.36619 
21 0.027251 0.20381 -0.0745646 -0.218726 
3 -0.565725 0.290842 4.07182 -4.1212 
21 0.276884 0.153058 -0.16875 -0.358564 
21 -0.442877 0.189927 1.20444 -1.29726 
21 0.67469 0.0661964 6.65024 -6.6847 
-2 -0.547669 0.0651832 13.1287 -13.1402 
21 0.112284 1.95468 -2.5844 -3.2423 
21 0.0861798 -0.309106 4.70205 -4.71299 
21 -0.420434 -0.301442 3.4078 -3.44685 
21 0.225097 0.209069 0.0621998 -0.313444 
21 -0.383387 -0.275872 -1.42657 -1.50273 
21 0.562486 0.0947576 1.46773 -1.57468 
21 -0.313905 0.275055 1.56625 -1.6209 
21 0.471457 -0.592717 -2.87152 -2.96972 
21 -0.123047 0.383732 -2.84633 -2.87472 
-1 0.370769 0.144132 0.00356215 -0.397815 
-3 0.339445 -0.639141 0.916627 -1.16787 
21 -0.113043 0.37118 -2.82218 -2.84872 
21 0.17962 0.334267 -0.0198449 -0.379989 
21 0.327144 0.341831 4.1794 -4.2061 
21 -0.668349 0.0358594 -0.549025 -0.865682 
21 0.0366963 0.125608 -0.0914945 -0.159672 
-1 0.43115 0.607533 0.750643 -1.05757 
# 3 77
2 0.195831 -1.36619 -1.00178 -1.7054 
1 -1.11917 0.127019 -1.0369 -1.53096 
21 -2.20829 -0.753354 -5.67963 -6.14022 
21 -0.367879 0.440744 0.0381812 -0.575368 
21 -1.55159 -0.0395141 -6.31029 -6.49837 
1 1.30938 -0.25539 -4.49834 -4.69199 
3 -0.024158 0.262425 -0.272531 -0.379109 
21 -0.852702 -0.326855 -2.70001 -2.85026 
2 0.612154 -1.8266 -1.09456 -2.21569 
-2 1.22814 0.045703 -3.86691 -4.05751 
-3 -0.0672048 -0.203125 -9.09842 -9.10094 
21 -0.0108341 -0.311314 0.0499329 -0.315479 
21 -1.86861 -1.28401 5.47875 -5.92934 
21 -0.220635 -0.0596309 -2.32853 -2.33972 
21 -0.343877 -0.58958 -0.0537654 -0.68465 
21 -0.598085 -0.877105 -0.976098 -1.44215 
-1 -0.897039 0.492836 3.39642 -3.54729 
21 0.860578 0.719445 -2.18073 -2.4523 
2 -0.401029 -0.111944 -2.41048 -2.44617 
-3 -1.04445 -0.138437 -15.7431 -15.7783 
21 0.132377 0.92894 -16.481 -16.5077 
21 0.0597258 0.318174 -1.15863 -1.20301 
-2 -0.390543 0.774731 1.3192 -1.57893 
21 -0.121439 -2.16948 3.79345 -4.37169 
-1 -0.106972 0.195785 -0.855419 -0.884034 
21 -3.08919 -0.789254 6.79591 -7.50669 
21 -0.588387 -0.359383 -1.96818 -2.08545 
21 0.0743738 -0.146525 -2.33733 -2.3431 
21 -0.803658 1.41189 2.86065 -3.28978 
21 -1.71959 1.28128 -10.5302 -10.7463 
-3 0.115941 -0.238399 -4.17373 -4.18214 
21 0.790841 -0.820419 -3.99501 -4.15435 
21 -1.08475 -1.31598 2.03044 -2.65164 
-2 -0.684344 0.409702 -10.3681 -10.3987 
21 1.00451 -0.955496 0.809861 -1.60558 
21 -0.427421 -0.27045 -2.02586 -2.08805 
21 0.0959961 0.627519 -7.19208 -7.22004 
1 -0.348165 0.285087 1.53985 -1.60425 
21 -2.49924 -1.31031 -4.67548 -5.46107 
2 -0.927151 -0.540269 -0.71895 -1.29166 
-1 -0.576118 -1.68915 5.78662 -6.05559 
21 -0.0483515 -1.04749 -6.55353 -6.63689 
21 0.963316 0.662751 -10.5208 -10.5855 
21 -0.0929613 -0.282099 -0.273557 -0.403801 
21 0.430399 -0.280432 -1.09453 -1.20909 
21 0.0957018 -0.388255 -4.45957 -4.47746 
21 1.2499 -1.03562 -13.673 -13.769 
-3 -0.455838 -2.39256 4.73315 -5.32305 
21 0.673288 -0.510609 -3.75099 -3.84499 
21 -0.327767 0.311142 -0.884538 -0.993301 
3 -0.810763 -0.251676 -9.64593 -9.68322 
-1 0.222079 1.42888 2.15095 -2.59183 
2 0.851887 -0.255877 -0.851602 -1.23143 
21 -0.114435 -0.269556 -0.535649 -0.610472 
21 1.45013 -0.639705 -7.33341 -7.50274 
21 -0.276412 -0.113449 -2.10278 -2.12391 
-2 -1.1704 -0.665649 1.50155 -2.01682 
21 0.0287081 -0.323288 -0.456852 -0.560404 
-3 1.65123 -0.13966 -2.75804 -3.21759 
2 -1.36211 -1.32076 -10.4351 -10.6062 
21 -0.866547 0.694148 0.898199 -1.42811 
21 -0.409698 0.544586 -1.74521 -1.87355 
21 0.354747 0.167186 -2.1246 -2.16049 
21 0.0395477 0.0296331 0.0999648 -0.111513 
21 -0.852905 0.044443 -3.62924 -3.72838 
-1 0.277445 -0.319033 -0.187827 -0.462641 
21 0.126095 -0.427845 -1.63335 -1.69316 
21 0.952371 -0.293776 1.63182 -1.91211 
3 -0.150696 0.0795105 -0.085452 -0.190613 
-3 0.149718 0.532265 -0.866859 -1.02819 
-1 0.0464663 0.239613 -4.88588 -4.89197 
-2 -0.60168 -0.871887 0.702206 -1.27094 
-2 -0.236563 0.33651 -9.49118 -9.50008 
21 -2.24046 -1.4359 8.04161 -8.47047 
21 -0.494862 0.790696 -0.789249 -1.22188 
21 0.169257 1.21605 -5.48238 -5.61817 
-2 0.907664 -0.855454 -2.9702 -3.22145 
21 -0.56413 -0.545206 -2.1637 -2.30154 
3 -0.543276 0.283983 -1.62575 -1.73749 
-1 -0.816909 1.14722 -21.5237 -21.5697 
1 -0.167306 0.799665 3.65436 -3.74457 
2 -0.0851115 -1.35142 3.65852 -3.90107 
2 0.784731 -0.289725 -3.99358 -4.08025 
21 1.08697 0.0935703 -4.10457 -4.24709 
21 0.685892 0.594927 -7.65928 -7.71291 
21 -0.0292104 0.922317 16.5245 -16.5503 
2 0.733493 -1.17967 -41.3258 -41.3491 
21 -0.0547383 0.160502 -0.162306 -0.234735 
21 0.235176 0.480671 -1.25759 -1.36671 
21 0.548342 -0.725439 -0.597429 -1.08805 
-2 -0.132274 -0.660813 -1.84736 -1.96644 
21 -0.832301 0.0360431 -9.62835 -9.66433 
2 -0.429735 0.05457 -1.66659 -1.72197 
21 -0.171385 -0.0422779 0.00955378 -0.176781 
21 0.172237 -0.333232 -1.36548 -1.41607 
21 1.56602 0.106488 -19.3197 -19.3834 
21 -0.358423 0.775854 2.19036 -2.35119 
21 -0.228862 -0.556782 -0.036741 -0.603104 
21 -0.0077258 -0.361006 -4.01187 -4.02809 
3 0.361344 -0.447241 -0.191485 -0.60602 
21 0.203385 0.0828519 -3.21544 -3.22293 
2 0.0709213 -0.0325118 -3.79619 -3.797 
2 -0.0640673 0.689645 1.70984 -1.8448 
-3 -0.908297 0.36284 -1.10585 -1.47634 
21 0.584976 0.177031 -2.29433 -2.37433 
-1 0.288892 -0.371059 -5.3252 -5.34593 
21 0.417935 -0.25552 -0.651041 -0.814748 
21 0.904545 1.09742 2.44111 -2.82516 
21 -0.0471671 -0.138312 -0.0730506 -0.163374 
3 -0.447279 -0.389247 -1.01071 -1.1718 
21 -0.0871986 -0.199626 0.120132 -0.248768 
-3 0.839842 -0.468817 -23.2326 -23.2525 
-1 -0.243348 0.41304 -4.33692 -4.36334 
-2 0.141279 -0.277044 -20.983 -20.9853 
21 -1.40945 -0.496006 8.64051 -8.76875 
-1 0.449454 0.186742 -1.46216 -1.54104 
3 -0.428217 -0.0858145 -5.64863 -5.66549 
21 0.428661 -0.191227 -2.62346 -2.66511 
21 -0.312726 -0.417195 -3.986 -4.01996 
21 0.125649 0.0469052 -22.1365 -22.1369 
21 1.07457 -0.0768847 3.39243 -3.55938 
21 0.323515 1.45889 -12.2558 -12.3465 
21 -0.323255 -0.129048 -1.18016 -1.23041 
2 0.171241 -0.0144969 -0.141372 -0.222531 
1 -0.392732 -0.385617 2.09407 -2.16519 
-1 -0.547357 0.390249 -17.1077 -17.1209 
-1 -0.00178319 -0.403471 -1.21312 -1.27846 
21 -0.303243 0.147941 -0.422879 -0.540989 
21 0.425906 -0.163231 -4.02198 -4.04776 
21 -0.531716 -1.12425 -8.62429 -8.7135 
3 0.0115657 -0.918095 -3.26379 -3.39048 
-3 -0.479057 -0.327429 -11.6482 -11.6626 
3 -0.397 -0.822313 -7.3286 -7.38527 
21 -0.0863637 0.142388 0.083682 -0.186375 
1 0.057975 0.208343 -42.1559 -42.1564 
2 -0.0799807 -0.163174 -3.10736 -3.11267 
21 -0.584064 -0.251654 -5.21353 -5.25218 
# 4 137
3 -0.46541 0.260366 -0.697717 -0.878183 
2 2.08622 -0.115409 -4.04348 -4.55141 
21 -0.0670743 0.909167 0.677352 -1.13573 
3 0.392351 0.686523 0.364547 -0.870717 
-2 0.866634 -1.46438 0.158815 -1.709 
21 -0.126899 0.646046 0.23025 -0.697491 
21 -0.0685168 -0.436686 0.152555 -0.467614 
21 -2.14907 0.297117 0.51952 -2.23085 
21 -0.651573 0.349002 1.2419 -1.44522 
21 -0.932664 -0.527836 -1.5651 -1.89684 
3 -0.189811 0.852361 -0.665493 -1.09792 
21 0.125519 0.129419 -0.728391 -0.750371 
21 0.0656098 0.0402684 0.132215 -0.152994 
21 -0.464148 -0.750984 -0.00354658 -0.882849 
-1 -0.423115 -0.101022 -1.46001 -1.52344 
21 -1.28514 -0.019437 0.931575 -1.58739 
21 -0.896622 -0.0750758 -3.65829 -3.76731 
3 -0.315035 0.0195807 -2.69232 -2.71076 
2 -0.140188 -0.561411 1.74835 -1.84162 
21 -2.11394 1.21807 1.73024 -2.99102 
21 0.948461 0.75843 -2.675 -2.93776 
21 0.257192 -0.143847 0.218647 -0.366942 
21 -1.28566 -0.391437 -3.59261 -3.83575 
21 -0.0883701 1.12825 -3.60386 -3.77738 
2 -1.84143 -0.547779 -4.43456 -4.83283 
-3 0.580312 -0.0421326 -0.232885 -0.626716 
21 0.40238 -1.18375 -0.522219 -1.35495 
21 -0.484753 -0.852568 -1.38732 -1.69897 
21 -0.0206196 -0.796236 -0.759964 -1.10089 
21 0.281696 -0.18784 -0.30707 -0.457087 
21 1.20215 0.639323 0.613643 -1.49347 
-1 -0.307874 -0.0293795 0.39936 -0.505112 
2 -0.139284 0.364948 0.227397 -0.451992 
21 -0.507345 -0.682089 -1.02031 -1.32804 
-2 -0.373892 -1.23447 -0.792562 -1.51389 
1 -0.0127782 0.500874 0.657555 -0.82669 
-3 -0.21093 -0.0805188 -10.3782 -10.3806 
-1 -0.915402 -0.0171017 1.38153 -1.65737 
-1 -0.118677 0.593163 0.488852 -0.777755 
21 -0.364866 -0.0445238 -1.44559 -1.49159 
3 -0.498793 -0.492734 0.274577 -0.752977 
2 -0.583488 0.192276 1.23908 -1.38302 
21 0.728176 -0.038343 -0.5163 -0.893463 
1 -0.279444 0.418893 0.848341 -0.986531 
21 -1.04181 0.522734 0.786659 -1.40622 
21 -0.472096 -0.22645 0.756458 -0.919991 
21 0.607547 -0.446495 -0.0982318 -0.760342 
21 -0.293464 0.474696 -0.245206 -0.609576 
-3 -0.812541 -0.14738 -0.138508 -0.837334 
1 -0.610151 -0.651072 0.163655 -0.907172 
-2 -0.671922 0.235744 -2.16061 -2.27493 
21 -1.62244 -0.204393 1.42034 -2.16598 
3 -0.352966 -0.422124 -0.0962307 -0.5586 
21 1.07794 0.474139 9.29064 -9.36498 
21 0.712243 -0.442585 -14.2326 -14.2573 
-1 -0.246149 0.325819 0.394059 -0.567477 
2 -0.757425 -0.461646 0.235832 -0.917838 
21 -0.503713 -0.222519 0.353681 -0.65447 
-3 0.262617 -0.136315 0.111893 -0.316338 
2 -0.164226 0.608369 -0.199512 -0.660975 
-2 -0.356716 1.99429 -26.8824 -26.9586 
2 -0.562087 0.266129 0.245971 -0.668782 
21 -0.0340902 0.0134568 -0.0523242 -0.0638831 
21 -0.332389 -1.07844 -7.70058 -7.78283 
21 0.0725232 -0.529864 -5.45606 -5.4822 
21 0.0871972 1.79645 23.3293 -23.3985 
-2 -0.422856 -0.222141 -0.251612 -0.539872 
-2 0.443399 0.656487 2.80584 -2.91553 
-1 -1.34931 -0.508428 0.754516 -1.6274 
21 0.0635537 0.175178 -18.337 -18.3379 
21 -0.151916 0.204538 -0.976416 -1.00911 
2 -0.434274 0.406693 2.26365 -2.34054 
21 0.311839 1.01687 0.734154 -1.29238 
-2 -0.124771 1.00048 -19.3109 -19.3372 
21 -1.24412 0.0861896 -20.0583 -20.097 
21 -1.03896 0.113056 -16.8482 -16.8806 
21 -0.333992 -0.198424 -4.04812 -4.06672 
1 0.336359 -0.829017 1.39899 -1.6606 
21 -1.65667 -0.70064 -25.0288 -25.0933 
21 -0.0986796 -1.64929 -11.928 -12.0419 
21 -0.815022 -0.494232 -7.28061 -7.34274 
21 -0.370438 0.029319 9.2433 -9.25076 
21 -0.476374 0.19362 -1.00812 -1.13169 
21 -0.327677 -0.0441261 -4.94841 -4.95944 
21 -0.614711 0.450274 -3.00386 -3.09899 
21 0.553505 -0.0469046 -3.45032 -3.49475 
21 -1.88422 -0.885782 20.4574 -20.5631 
-2 0.461884 0.666719 5.28768 -5.34953 
21 -1.00687 -0.244973 -11.6947 -11.7405 
21 0.038263 -0.542641 -13.4395 -13.4505 
21 0.364943 0.0692425 5.35174 -5.36462 
21 -0.894956 0.0539807 23.1432 -23.1605 
3 -0.480133 0.0458817 -5.63563 -5.65623 
21 -0.291314 1.05677 9.64496 -9.70705 
21 -0.363087 -0.204504 -1.34574 -1.40878 
21 0.027299 0.397077 4.57693 -4.5942 
# 5 96
-3 -0.46489 -0.623235 -0.805651 -1.11965 
21 0.395449 0.24069 -0.457558 -0.6509 
21 -0.870659 0.239909 -2.6384 -2.78869 
21 0.259831 0.199878 -0.438222 -0.547267 
21 1.53084 0.248811 -1.97614 -2.51208 
21 -0.0462666 0.694202 -1.17263 -1.3635 
21 0.429665 0.212122 -0.386665 -0.615725 
-1 -0.404597 -0.887599 -4.90857 -5.00455 
21 0.340034 -0.0694698 -0.662147 -0.747588 
21 0.00270652 -0.0126818 -0.0223082 -0.0258033 
21 1.25656 0.824453 -8.97513 -9.10009 
21 -0.641337 0.472628 -13.7606 -13.7836 
2 0.0649963 0.681027 -2.1031 -2.21157 
21 -0.780617 -1.13132 -3.26453 -3.54209 
21 0.183788 0.0469485 -0.758634 -0.78199 
-2 -0.158016 0.335971 -0.38985 -0.538358 
-3 -0.460431 -0.115046 -5.33537 -5.35644 
-3 -0.516143 0.16005 -0.214429 -0.581377 
21 -0.304065 0.158229 -0.573342 -0.667992 
1 0.457553 0.72177 -1.36978 -1.61449 
-2 0.205779 0.334154 -1.7108 -1.75523 
-2 -0.207484 0.927804 -1.42503 -1.71306 
21 -0.286661 -0.02069 -4.96426 -4.97257 
3 0.477763 1.762 1.05579 -2.10893 
-1 1.49362 -1.46319 -16.2973 -16.4309 
-2 -0.0151017 0.286962 -0.699054 -0.755812 
21 0.218216 0.258395 0.299156 -0.451531 
2 0.373322 0.175602 -1.39708 -1.45672 
3 0.54675 0.267932 -1.30095 -1.43638 
21 -0.307083 0.350695 -1.41061 -1.48563 
-1 1.0773 0.624584 -0.428817 -1.31703 
21 0.868134 -0.760666 -5.36921 -5.49188 
1 0.965636 0.267933 -6.05548 -6.13784 
-2 -0.649076 0.211916 -1.08313 -1.28039 
21 0.54001 0.673049 -1.60248 -1.82004 
21 0.70121 -0.0577504 -2.81931 -2.90577 
21 -0.0320882 -0.145068 0.0734575 -0.165742 
21 -0.17829 0.311524 -1.97326 -2.00564 
1 1.01044 0.0975543 -6.88134 -6.95581 
21 0.0827299 0.138347 0.0525228 -0.169537 
21 -0.0669065 0.317714 -3.53444 -3.54932 
21 0.0842435 0.0290215 -1.86221 -1.86434 
21 -0.130089 0.179108 -0.45637 -0.507224 
2 -0.479463 -0.0861975 -4.57221 -4.59809 
21 -0.0827481 0.110331 -0.102171 -0.171636 
1 0.472627 0.63231 -19.3709 -19.387 
21 0.546083 1.31417 -3.55204 -3.82651 
21 0.324198 0.805213 -2.11767 -2.28867 
-2 -0.137382 0.594789 -5.26759 -5.30284 
-3 0.0763042 -0.490748 -4.34284 -4.37115 
-3 0.523943 0.350105 -6.12866 -6.16097 
21 -0.208838 0.707814 -3.17608 -3.26069 
21 0.434501 0.0595746 -9.41221 -9.42242 
-1 0.712147 0.250171 -1.76014 -1.91516 
21 -0.111977 -0.93814 -8.3594 -8.41262 
21 0.0752487 0.0160129 -5.69952 -5.70004 
1 -0.0878311 -0.207456 0.115481 -0.253157 
21 -0.636755 1.30612 -2.35332 -2.76578 
21 -0.349019 -0.452065 -0.392023 -0.692719 
21 -0.349126 -0.0249289 -0.933005 -0.996498 
21 0.064859 0.183647 -1.34804 -1.36203 
21 -0.384133 -0.290829 -1.2957 -1.38238 
-2 -0.0813786 -0.186343 -0.126013 -0.239218 
2 0.179582 -0.722376 -5.57627 -5.62574 
# 6 64
21 -0.320065 0.452903 0.147842 -0.573951 
-1 1.10083 0.781833 -0.739375 -1.53941 
21 -1.32682 -0.230402 -0.827087 -1.58038 
21 -1.11786 -0.533929 -0.0696631 -1.24078 
21 0.326944 0.769745 -0.201491 -0.860232 
-3 -0.777859 -0.14488 1.30071 -1.52247 
21 -0.149566 -0.630132 -1.70259 -1.82161 
2 0.0441985 -0.37337 -0.924712 -0.998224 
21 -0.504361 0.812923 -3.54899 -3.67567 
21 -2.20844 1.37465 -2.71915 -3.76306 
-1 0.595866 0.626049 -1.81841 -2.01336 
21 -0.53971 -1.02676 -1.40554 -1.82238 
21 0.424237 0.172602 -0.401895 -0.609334 
21 0.0640799 -0.719783 -0.352969 -0.804227 
21 0.425062 0.0259053 -0.800339 -0.906583 
-1 -0.084134 -0.150925 -0.220984 -0.280519 
21 -0.276993 0.546935 -0.376333 -0.719367 
3 -0.719843 -0.432687 -2.80422 -2.9273 
21 0.00172402 0.243743 -0.0301777 -0.24561 
21 -0.0933676 0.350078 -0.270257 -0.452007 
3 -0.329045 1.11671 -7.70437 -7.79183 
-1 0.517025 -0.18095 -0.0486336 -0.54993 
21 0.0366592 0.73545 0.231086 -0.771771 
-3 -0.81189 -0.444856 -0.829628 -1.24312 
21 -0.750298 0.941499 0.368624 -1.25907 
3 0.35461 0.903162 -0.750905 -1.22691 
21 -0.845688 1.04158 -13.1112 -13.1797 
21 0.496178 0.321219 0.92528 -1.09796 
21 -0.501504 -0.980828 -0.147491 -1.11143 
-1 -0.000274169 -0.352752 -0.1225 -0.373417 
21 -2.11825 1.61032 -3.65812 -4.52349 
2 -0.463233 -0.0738337 -1.03785 -1.13893 
21 -0.218759 -1.46131 -1.96627 -2.45957 
3 -0.155138 0.386844 1.15695 -1.22973 
-2 0.190089 -1.51587 12.7161 -12.8076 
21 0.587422 0.0536736 -0.917 -1.09034 
21 -1.18627 -0.443366 -10.0167 -10.0964 
21 -0.0748059 0.370326 -3.84025 -3.85878 
3 0.31574 -0.137607 -4.08989 -4.10437 
21 -0.406109 -0.713446 -0.274657 -0.865659 
21 -0.52854 -0.124264 -2.81338 -2.86529 
2 -0.594378 -0.121332 -2.18122 -2.264 
21 -1.21134 -0.278189 4.40726 -4.57915 
3 -1.00271 0.318145 -3.81359 -3.95602 
21 -0.893758 0.238722 -0.599367 -1.10228 
3 -0.497572 0.0730918 -2.19692 -2.25375 
21 -0.107204 -0.0925196 0.559729 -0.577364 
3 0.140164 2.95023 8.22946 -8.74343 
21 0.269115 -0.395934 0.451733 -0.658216 
21 -1.33412 -0.731574 -7.12564 -7.28627 
21 0.0821204 1.02152 2.98151 -3.15272 
21 -0.30505 -0.0331657 -3.26346 -3.27785 
21 0.56094 0.733994 1.11906 -1.45111 
1 -0.0495158 0.292728 -0.409992 -0.506196 
-1 -1.08109 0.95657 -6.04369 -6.2137 
1 -0.389816 0.492595 -7.54924 -7.57533 
21 -0.242717 0.0943401 -0.332157 -0.422066 
21 0.614313 0.22604 -0.335121 -0.735377 
21 0.41758 0.426557 -1.26791 -1.4014 
21 -1.00073 0.558346 -21.8366 -21.8666 
2 0.107218 1.11637 -4.29339 -4.43745 
21 -0.197826 -0.349394 0.45663 -0.608048 
21 -0.117104 0.170242 -0.472613 -0.515809 
21 0.1601 0.324254 2.53811 -2.56374 
21 -0.097637 0.273608 -1.35991 -1.39059 
3 0.162123 -0.478857 0.344669 -0.61187 
21 -0.246681 -0.115486 1.58663 -1.60984 
21 0.289715 -0.218043 4.7568 -4.7706 
21 -0.870162 -0.114645 1.67398 -1.89011 
21 -0.568704 0.38862 -1.28124 -1.45466 
21 -0.102481 1.00448 3.47094 -3.61481 
21 -0.493773 0.00110244 -6.43211 -6.45104 
-2 -0.246302 0.583544 -7.42684 -7.4538 
21 -0.694279 0.637426 4.18032 -4.28525 
21 0.427311 -0.297835 -11.4558 -11.4676 
21 0.187317 0.61077 1.38483 -1.52508 
21 -0.302235 0.561306 3.46384 -3.52202 
21 -0.0100306 1.70797 8.44785 -8.61879 
-2 -1.60533 0.254337 -55.4777 -55.5015 
21 0.0260683 0.624646 -3.75109 -3.80283 
21 -1.01025 0.602309 10.4649 -10.5308 
-3 -0.229053 -0.0205643 0.513026 -0.562213 
21 0.664021 -0.305979 -4.25305 -4.31544 
3 -0.158876 0.453875 4.32225 -4.34892 
21 -0.856235 -1.63708 9.63027 -9.80588 
21 0.0135726 -0.550277 -1.63625 -1.72636 
21 -0.164132 1.01839 -33.1276 -33.1437 
2 -0.216896 -1.17348 2.15331 -2.46187 
21 0.344194 0.76332 -20.5589 -20.5759 
21 -1.65301 -0.540563 8.33679 -8.51626 
21 -0.0669596 -0.0732597 0.0110284 -0.0998609 
-2 0.568695 -0.584727 -8.63262 -8.67107 
21 -0.520379 -0.115934 0.588478 -0.794066 
21 0.0199817 -0.415414 -2.06298 -2.10449 
3 -0.279732 -0.137161 -1.88564 -1.9112 
2 1.03046 -0.0517885 10.5527 -10.603 
2 0.873604 -0.105258 -13.1929 -13.2222 
21 0.262651 -0.296028 0.813104 -0.904299 
-3 -0.25174 -0.419071 1.19722 -1.29318 
# 7 99
21 -0.0932744 -2.36326 2.09631 -3.16041 
21 0.0598 0.296888 -0.48606 -0.572689 
21 -0.457331 2.08283 -7.7181 -8.00728 
21 0.807136 0.137119 0.472027 -0.945029 
21 -0.601783 -0.462568 -0.0113048 -0.759105 
21 -0.500001 1.61914 2.4835 -3.00656 
21 1.73839 -1.88864 -9.18165 -9.53371 
-3 -0.762904 0.802408 0.532022 -1.22838 
21 -0.436695 0.653722 -0.0877749 -0.791049 
1 -0.839953 -0.837503 0.843124 -1.45526 
-2 0.663505 0.0985843 2.44359 -2.53398 
21 2.09241 -1.1773 3.95115 -4.6234 
-3 -0.784018 0.792866 -12.2145 -12.2653 
21 -0.285129 -0.403719 0.712676 -0.867292 
-1 -0.683188 -0.362113 -1.78412 -1.94447 
-1 -0.583732 -0.29953 -5.21306 -5.25419 
21 -0.17417 0.131083 -5.26355 -5.26806 
21 -0.265046 -0.833091 -4.3539 -4.44081 
2 -0.395627 0.909893 0.667386 -1.19575 
21 0.51717 -1.06782 -3.8293 -4.0089 
21 1.03024 0.516163 -6.55283 -6.65337 
21 0.335031 0.152215 0.227875 -0.43283 
21 0.282394 0.152584 -3.3083 -3.32383 
21 -0.48969 0.253513 0.568194 -0.791776 
2 0.95912 0.0844117 -2.47422 -2.65496 
-2 -0.749313 0.981931 0.260289 -1.2623 
21 -0.0431696 -0.387037 -1.84112 -1.88186 
21 0.730089 -0.666645 0.486376 -1.10182 
21 -0.423405 0.0830464 -1.93738 -1.98484 
21 0.723022 -0.403231 -11.2439 -11.2744 
2 -0.115772 0.337173 -5.68044 -5.69161 
1 -0.131574 0.894073 -2.84119 -2.98145 
21 0.352029 0.682279 -5.02314 -5.08147 
21 0.0266755 0.861075 -2.70219 -2.83619 
1 0.519078 -0.126925 0.457475 -0.703445 
3 -0.844485 0.0444673 3.47287 -3.57435 
21 -0.397685 -0.571809 -12.5634 -12.5827 
21 -0.451189 1.08366 3.59886 -3.78545 
21 -0.243229 -0.00909991 0.511475 -0.566436 
21 2.62312 -0.815993 3.67651 -4.58948 
21 -0.119279 -1.37535 11.881 -11.9609 
21 -0.0913929 0.169495 -0.874925 -0.895866 
21 -0.235846 -0.0486219 1.09402 -1.12021 
21 -0.867985 1.04515 9.78547 -9.87933 
3 0.72405 0.397002 2.08097 -2.23881 
21 1.29834 0.151284 -6.013 -6.15344 
21 0.753853 0.503914 -44.28 -44.2893 
21 0.0223607 0.14994 -0.0134721 -0.152196 
-1 0.613506 0.337126 -3.19008 -3.26599 
21 0.454678 1.14611 1.89708 -2.26256 
21 -0.191627 -0.163842 -4.52596 -4.53297 
21 -0.584271 -0.366701 0.258371 -0.736612 
21 0.734581 1.41091 -17.2309 -17.3042 
1 -0.150749 -0.279669 -0.313097 -0.44606 
3 -0.0739386 -0.0998102 -0.0012911 -0.12422 
-3 0.00725301 -0.967063 -8.66649 -8.72028 
-1 -0.532639 0.862919 -3.3943 -3.54254 
-2 0.110077 0.432453 1.37824 -1.44868 
-1 1.05755 0.38513 3.92663 -4.08475 
21 -0.207977 -0.0734862 -1.94607 -1.95854 
21 -0.633441 0.0508579 -4.80917 -4.85098 
21 0.421361 -0.115873 1.28558 -1.35782 
21 0.595464 -0.0623091 -6.24848 -6.27709 
21 -0.372169 0.51797 -15.4672 -15.4804 
-3 0.22856 -0.329269 -3.3619 -3.38571 
21 2.84181 1.29841 23.0769 -23.2874 
3 0.667421 -0.152711 -7.09072 -7.1237 
-3 -2.25887 0.0216776 40.8971 -40.9594 
21 0.362725 0.478977 1.36209 -1.48872 
3 -0.0718692 -0.327384 4.59404 -4.60625 
21 0.604877 0.699829 9.36065 -9.40625 
21 -0.146045 0.658045 -7.56168 -7.59167 
21 -0.514131 0.561049 1.94132 -2.08514 
21 -0.0822386 0.170773 0.0220061 -0.190817 
21 -0.301644 -0.260852 -2.49232 -2.52402 
3 0.16649 0.695237 -11.1556 -11.1785 
3 0.3105 -0.163949 -1.99977 -2.03036 
21 -1.07118 0.942058 -21.7403 -21.787 
21 -1.11241 -0.969239 16.4971 -16.5629 
21 -0.390455 -0.137565 61.7183 -61.7197 
# 8 80
21 0.0043809 -0.0880833 -0.766025 -0.771086 
-1 0.609149 -0.724477 -3.1968 -3.33399 
21 0.375167 0.9298 0.198352 -1.02207 
-2 -0.102498 0.0193992 -0.437842 -0.450098 
21 0.448668 0.763908 -0.53437 -1.03461 
2 -0.088466 -0.452062 0.581361 -0.741733 
-3 -0.475621 0.764723 0.51375 -1.0368 
-3 2.02624 1.47075 -1.4729 -2.90486 
21 -1.07561 -0.786527 -0.938883 -1.63005 
-1 -0.177575 0.0217138 -0.371289 -0.41214 
21 -0.65832 -0.314521 -3.48199 -3.55761 
21 -0.257048 0.117684 0.42922 -0.513958 
21 -0.0859476 0.634558 0.917962 -1.11924 
21 0.345624 -0.370949 -0.806939 -0.953 
21 0.130994 1.12964 1.63018 -1.98765 
21 -0.0963528 -0.724057 -1.03093 -1.26347 
21 -0.311007 -0.64307 0.505625 -0.875169 
21 -0.937662 -0.807648 0.444036 -1.31479 
21 -0.80453 -0.165336 -0.649325 -1.04701 
-3 1.14673 0.346852 2.51745 -2.78798 
2 1.08726 -0.0276164 -1.11064 -1.55449 
21 -0.0395111 -0.473707 0.955944 -1.06761 
1 0.324408 0.739437 -0.67819 -1.05449 
2 0.505749 -0.113117 1.74866 -1.82384 
21 0.199477 0.00859304 -1.49941 -1.51264 
-3 0.621992 -0.214715 -0.110353 -0.667199 
21 -0.339227 0.572408 -0.463921 -0.81114 
21 0.493949 0.590283 -0.662307 -1.01542 
3 0.648446 -0.880476 3.85347 -4.00561 
21 0.0307768 1.01538 -5.2181 -5.31606 
21 0.0493717 1.51601 6.31142 -6.49112 
-2 -0.749541 0.286447 -1.25682 -1.49112 
21 -0.719824 0.200138 -3.54114 -3.6191 
21 0.833995 0.477473 -0.820176 -1.26341 
21 -0.278389 0.344582 0.0604107 -0.447087 
1 -0.71308 0.0869281 4.31228 -4.3717 
21 0.0724593 -0.217133 -0.75205 -0.786114 
3 0.262642 0.168126 0.0332715 -0.313615 
-2 -0.268764 -0.381854 -0.340712 -0.578041 
21 -1.49154 -1.27606 -2.22816 -2.96947 
21 0.658359 -0.0917884 0.504515 -0.834504 
21 0.414951 0.150232 -2.15098 -2.19578 
21 0.169861 -0.0823278 -1.1333 -1.14891 
21 0.499095 -0.789136 0.441947 -1.03303 
-3 -0.702607 0.620271 -0.509084 -1.06656 
21 -0.844379 -0.948435 7.10028 -7.21294 
2 0.246138 -0.277133 -0.632284 -0.732919 
-2 -0.542938 -0.229958 -0.630415 -0.863183 
21 0.933417 0.361557 -0.968679 -1.39296 
21 1.34636 -0.894123 0.872793 -1.83682 
-3 -0.254943 0.307787 0.897421 -0.982391 
2 -0.668292 0.251888 -0.962093 -1.1982 
21 0.453011 -0.67197 -1.42934 -1.6431 
21 -0.528314 -0.380795 0.840839 -1.06355 
21 -0.570152 -0.5529 2.34247 -2.47345 
21 -0.88658 1.20176 3.31515 -3.636 
-2 -0.393154 -0.31981 1.44963 -1.53566 
1 -0.437314 -0.32588 0.181004 -0.574633 
3 0.193781 0.017594 0.100205 -0.218864 
21 -0.702887 -1.80743 3.33081 -3.85424 
-1 0.487165 -0.0296703 0.620769 -0.789661 
21 -0.742753 0.226996 0.37657 -0.863143 
21 -0.2259 0.606038 3.18437 -3.24939 
-3 -0.368305 0.0348942 -0.0077856 -0.370036 
21 0.271509 -0.95432 0.739334 -1.23736 
21 -0.403892 -0.190312 -0.679265 -0.812864 
2 -0.604234 0.201778 -1.86821 -1.97383 
21 0.559876 -0.965351 27.0197 -27.0427 
1 0.629218 -0.438087 2.02438 -2.16471 
21 1.69405 -0.55373 -28.171 -28.2273 
21 -1.36603 -0.583735 3.86205 -4.1379 
21 -0.410566 0.909316 10.677 -10.7235 
21 -0.370999 0.362469 0.679714 -0.855006 
-1 -0.917439 -0.444355 2.31368 -2.52829 
-3 -0.0438609 0.543942 0.655961 -0.853277 
21 0.457053 0.296461 11.285 -11.2982 
2 0.0157883 1.4944 5.00334 -5.22177 
21 -0.285332 0.192405 1.10294 -1.15538 
1 -1.30785 -0.779703 13.4668 -13.5526 
-2 -0.0691051 0.229249 5.864 -5.86888 
21 0.124854 0.0306683 -0.0829917 -0.153025 
2 -0.820211 -0.994726 4.22462 -4.41697 
21 0.0365801 -0.563836 5.24637 -5.27671 
21 0.245923 0.593597 4.02263 -4.07362 
21 -1.34148 1.69472 13.4525 -13.625 
-2 -0.47148 -1.86831 6.02389 -6.32456 
21 0.537033 0.295478 1.01651 -1.18702 
1 2.43614 -2.20777 24.8841 -25.1004 
21 -0.174384 -0.0579676 0.165292 -0.247167 
21 0.96022 -0.730576 3.06295 -3.29203 
21 0.443552 0.409937 3.70851 -3.75737 
-3 0.247213 0.0372184 -1.83844 -1.85536 
-1 0.910382 0.518412 4.06606 -4.19886 
21 0.331344 0.904902 8.93069 -8.98253 
-2 -0.331103 -1.03119 -12.352 -12.3994 
21 0.518533 -0.732034 2.28872 -2.45825 
21 1.06301 1.59391 8.35759 -8.57437 
21 0.0324081 0.719191 2.31223 -2.42172 
21 -0.413362 -1.76511 10.6766 -10.8294 
21 -0.0751945 -0.365436 1.56867 -1.61243 
# 9 100
