1 0.433704 27.495 3.29002 27.6945 0.0517595 3.98935 0.23236 4 0
-3 0.56928 1.83209 -0.453551 1.97138 -0.612936 3.68973 -0.0289669 4 2
3 -0.387146 -0.855091 -0.961084 1.34341 -0.0339793 -0.144239 -1.95694 4 2
21 0.627752 0.732147 2.20058 2.40263 1.09931 2.95467 1.00812 4 2
3 0.0717551 0.828757 0.0736579 0.835112 -0.137315 2.45894 -0.947145 4 2
-2 0.735742 -0.030127 -0.943245 1.19664 0.361663 2.72737 -0.150127 4 2
21 0.306154 0.301429 -0.549613 0.697613 1.28962 3.03414 -0.508993 4 2
21 -0.889465 0.453293 -0.916185 1.355 -1.07176 2.33555 0.381232 4 2
21 -0.821708 -0.69316 0.471646 1.17394 -1.25412 2.52335 0.512448 4 2
21 1.43535 0.0865565 1.06176 1.78747 1.57665 2.5653 0.292567 4 2
21 1.52972 -0.566284 -0.505914 1.70782 0.40378 3.4596 0.0663473 4 2
21 -0.234995 0.378219 0.467682 0.645754 -0.0642695 0.344644 -1.38108 4 2
-2 -0.177021 -0.740498 -0.575659 0.954493 -0.0636835 2.22744 -0.364304 4 2
21 0.43461 -0.355441 0.513087 0.760581 -0.698215 2.43002 0.636354 4 2
21 -0.547735 1.37711 -0.797001 1.68275 1.2381 2.79628 -0.0277219 4 2
21 -0.317792 0.419419 -0.327359 0.619732 -1.21669 2.7768 0.32645 4 2
3 0.536967 -0.49251 0.935086 1.18545 -0.960818 2.26055 0.527728 4 2
21 -0.895285 -0.21012 0.732102 1.17544 0.361663 2.72737 -0.150127 4 2
# 0 18
