   1     1  0.296467E+01  0.411141E-01  0.234400E-01  0.159203E-03  0.175149E-01  0.101543E+01  0.147400E-01  0.854292E-02  0.395375E-02  0.832013E-03  0.565341E-04  0.110185E-02  0.252893E-03
   1     2  0.604900E+01  0.645711E-01  0.368946E-01  0.255364E-03  0.274211E-01  0.229014E+01  0.271805E-01  0.157527E-01  0.740311E-02  0.167260E-02  0.597911E-04  0.199151E-02  0.300765E-03
   1     3  0.986999E+01  0.785706E-01  0.452083E-01  0.235163E-03  0.331271E-01  0.387330E+01  0.343195E-01  0.199383E-01  0.941917E-02  0.223240E-02  0.359895E-04  0.245424E-02  0.239470E-03
   1     4  0.140222E+02  0.858750E-01  0.497127E-01  0.162684E-03  0.359996E-01  0.564861E+01  0.379520E-01  0.220845E-01  0.104765E-01  0.254986E-02  0.166836E-04  0.267411E-02  0.150336E-03
   1     5  0.183067E+02  0.896501E-01  0.521143E-01  0.946943E-04  0.374411E-01  0.751265E+01  0.397290E-01  0.231544E-01  0.109949E-01  0.271386E-02  0.685236E-05  0.277718E-02  0.817319E-04
   1     6  0.226276E+02  0.912640E-01  0.531041E-01  0.493955E-04  0.381105E-01  0.941624E+01  0.405011E-01  0.236279E-01  0.112153E-01  0.279425E-02  0.265151E-05  0.282048E-02  0.404910E-04
   1     7  0.269463E+02  0.920182E-01  0.536743E-01  0.238770E-04  0.383200E-01  0.113371E+02  0.409266E-01  0.238827E-01  0.113567E-01  0.282140E-02  0.997978E-06  0.284601E-02  0.188352E-04
   1     8  0.313057E+02  0.923732E-01  0.538396E-01  0.109474E-04  0.385226E-01  0.132692E+02  0.410760E-01  0.239935E-01  0.113828E-01  0.284237E-02  0.370904E-06  0.284858E-02  0.840179E-05
   2     1  0.253979E+01  0.422393E-01  0.240161E-01  0.160787E-03  0.180624E-01  0.857375E+00  0.147221E-01  0.851942E-02  0.395020E-02  0.819791E-03  0.606142E-04  0.110489E-02  0.267216E-03
   2     2  0.551437E+01  0.718858E-01  0.410625E-01  0.289382E-03  0.305339E-01  0.206975E+01  0.298547E-01  0.173159E-01  0.810497E-02  0.181504E-02  0.724842E-04  0.219329E-02  0.353024E-03
   2     3  0.924212E+01  0.897460E-01  0.515982E-01  0.284723E-03  0.378631E-01  0.361680E+01  0.391058E-01  0.227086E-01  0.107247E-01  0.252598E-02  0.464429E-04  0.280536E-02  0.294733E-03
   2     4  0.133761E+02  0.993214E-01  0.574426E-01  0.203548E-03  0.416752E-01  0.537085E+01  0.437476E-01  0.254435E-01  0.120708E-01  0.292952E-02  0.221532E-04  0.309090E-02  0.190663E-03
   2     5  0.176413E+02  0.103903E+00  0.603294E-01  0.121186E-03  0.434523E-01  0.722432E+01  0.461448E-01  0.268968E-01  0.127591E-01  0.314656E-02  0.921134E-05  0.322770E-02  0.105462E-03
   2     6  0.219591E+02  0.106372E+00  0.619636E-01  0.640329E-04  0.443440E-01  0.912158E+01  0.471964E-01  0.275504E-01  0.130556E-01  0.324612E-02  0.358964E-05  0.328784E-02  0.528567E-04
   2     7  0.263015E+02  0.107483E+00  0.627399E-01  0.312616E-04  0.447118E-01  0.110432E+02  0.476740E-01  0.278255E-01  0.132101E-01  0.330611E-02  0.135528E-05  0.330615E-02  0.248128E-04
   2     8  0.306715E+02  0.107714E+00  0.628654E-01  0.144452E-04  0.448342E-01  0.129652E+02  0.478723E-01  0.279646E-01  0.132677E-01  0.330545E-02  0.504496E-06  0.332283E-02  0.111341E-04
   3     1  0.218891E+01  0.421944E-01  0.239583E-01  0.159343E-03  0.180768E-01  0.730654E+00  0.144610E-01  0.835237E-02  0.388323E-02  0.797343E-03  0.630675E-04  0.109117E-02  0.273808E-03
   3     2  0.507768E+01  0.785464E-01  0.448377E-01  0.319537E-03  0.333891E-01  0.188460E+01  0.321133E-01  0.186035E-01  0.871910E-02  0.193326E-02  0.845364E-04  0.237015E-02  0.402708E-03
   3     3  0.872413E+01  0.100576E+00  0.577583E-01  0.333399E-03  0.424839E-01  0.339578E+01  0.436099E-01  0.253251E-01  0.119392E-01  0.280140E-02  0.575529E-04  0.313596E-02  0.350699E-03
   3     4  0.128171E+02  0.112380E+00  0.649801E-01  0.246301E-03  0.471536E-01  0.512598E+01  0.496150E-01  0.288908E-01  0.136515E-01  0.330530E-02  0.282228E-04  0.350586E-02  0.233289E-03
   3     5  0.170717E+02  0.118313E+00  0.686674E-01  0.149732E-03  0.494959E-01  0.697443E+01  0.525095E-01  0.306265E-01  0.145020E-01  0.356804E-02  0.118935E-04  0.366958E-02  0.131423E-03
   3     6  0.214040E+02  0.121255E+00  0.707041E-01  0.801343E-04  0.504706E-01  0.886808E+01  0.538365E-01  0.313928E-01  0.149227E-01  0.370173E-02  0.466239E-05  0.374811E-02  0.665613E-04
   3     7  0.257306E+02  0.122492E+00  0.714185E-01  0.394704E-04  0.510343E-01  0.107928E+02  0.544462E-01  0.317792E-01  0.150920E-01  0.376243E-02  0.176635E-05  0.377940E-02  0.314728E-04
   3     8  0.300650E+02  0.122952E+00  0.716737E-01  0.183470E-04  0.512596E-01  0.127155E+02  0.547145E-01  0.319476E-01  0.151701E-01  0.378680E-02  0.658249E-06  0.379521E-02  0.141914E-04
   4     1  0.188509E+01  0.414462E-01  0.234487E-01  0.155789E-03  0.178417E-01  0.627024E+00  0.140145E-01  0.807064E-02  0.377873E-02  0.766220E-03  0.641349E-04  0.106224E-02  0.272562E-03
   4     2  0.470057E+01  0.845147E-01  0.482789E-01  0.344397E-03  0.358915E-01  0.172742E+01  0.340370E-01  0.197086E-01  0.923544E-02  0.202957E-02  0.959489E-04  0.251762E-02  0.449775E-03
   4     3  0.826486E+01  0.110815E+00  0.636159E-01  0.381479E-03  0.468175E-01  0.320285E+01  0.479677E-01  0.278547E-01  0.131187E-01  0.305675E-02  0.693259E-04  0.346031E-02  0.407902E-03
   4     4  0.123132E+02  0.125372E+00  0.724678E-01  0.290818E-03  0.526134E-01  0.491533E+01  0.551932E-01  0.321261E-01  0.151789E-01  0.367037E-02  0.348681E-04  0.390444E-02  0.278550E-03
   4     5  0.165540E+02  0.132607E+00  0.769648E-01  0.179748E-03  0.554629E-01  0.675190E+01  0.587363E-01  0.342376E-01  0.162174E-01  0.399119E-02  0.148901E-04  0.411604E-02  0.159242E-03
   4     6  0.208887E+02  0.136175E+00  0.793564E-01  0.974105E-04  0.567215E-01  0.864400E+01  0.604264E-01  0.352625E-01  0.167209E-01  0.415009E-02  0.587339E-05  0.420556E-02  0.814517E-04
   4     7  0.252255E+02  0.137735E+00  0.802557E-01  0.484093E-04  0.574313E-01  0.105551E+02  0.612718E-01  0.357791E-01  0.169679E-01  0.422977E-02  0.223006E-05  0.425402E-02  0.387779E-04
   4     8  0.295480E+02  0.138285E+00  0.806221E-01  0.226496E-04  0.576398E-01  0.124774E+02  0.615522E-01  0.359361E-01  0.170687E-01  0.426114E-02  0.832251E-06  0.426792E-02  0.175639E-04
   5     1  0.162433E+01  0.399386E-01  0.225017E-01  0.150165E-03  0.172867E-01  0.540504E+00  0.134271E-01  0.771692E-02  0.362237E-02  0.732029E-03  0.640845E-04  0.102542E-02  0.266271E-03
   5     2  0.437656E+01  0.900582E-01  0.514726E-01  0.366218E-03  0.382194E-01  0.158944E+01  0.356369E-01  0.206443E-01  0.965083E-02  0.210356E-02  0.106463E-03  0.263844E-02  0.493344E-03
   5     3  0.785201E+01  0.120779E+00  0.693031E-01  0.429061E-03  0.510464E-01  0.303549E+01  0.520308E-01  0.301746E-01  0.142313E-01  0.330788E-02  0.814922E-04  0.377024E-02  0.465250E-03
   5     4  0.118774E+02  0.137976E+00  0.796790E-01  0.336169E-03  0.579608E-01  0.472727E+01  0.606850E-01  0.353069E-01  0.166880E-01  0.402000E-02  0.420785E-04  0.430289E-02  0.325154E-03
   5     5  0.161173E+02  0.146750E+00  0.851250E-01  0.211696E-03  0.614132E-01  0.655681E+01  0.649529E-01  0.378169E-01  0.179688E-01  0.440390E-02  0.181770E-04  0.455649E-02  0.188683E-03
   5     6  0.204244E+02  0.151089E+00  0.879511E-01  0.116175E-03  0.630220E-01  0.844048E+01  0.669774E-01  0.390515E-01  0.185536E-01  0.459958E-02  0.720991E-05  0.466796E-02  0.974830E-04
   5     7  0.247512E+02  0.152868E+00  0.890867E-01  0.581271E-04  0.637230E-01  0.103618E+02  0.679758E-01  0.396878E-01  0.188280E-01  0.468882E-02  0.274662E-05  0.472168E-02  0.467195E-04
   5     8  0.290838E+02  0.153851E+00  0.897680E-01  0.273384E-04  0.640553E-01  0.122814E+02  0.684179E-01  0.399279E-01  0.189970E-01  0.472245E-02  0.102584E-05  0.474818E-02  0.212491E-04
   6     1  0.140233E+01  0.380184E-01  0.213510E-01  0.143712E-03  0.165238E-01  0.467485E+00  0.127554E-01  0.731207E-02  0.345226E-02  0.692353E-03  0.629781E-04  0.980003E-03  0.255757E-03
   6     2  0.409159E+01  0.949801E-01  0.542019E-01  0.384039E-03  0.403942E-01  0.147068E+01  0.368936E-01  0.213838E-01  0.996549E-02  0.215984E-02  0.116180E-03  0.273459E-02  0.533741E-03
   6     3  0.748681E+01  0.130367E+00  0.747697E-01  0.474950E-03  0.551225E-01  0.288647E+01  0.560167E-01  0.324809E-01  0.153174E-01  0.353364E-02  0.940215E-04  0.406816E-02  0.522546E-03
   6     4  0.114808E+02  0.150504E+00  0.869107E-01  0.382792E-03  0.632103E-01  0.455907E+01  0.661279E-01  0.384389E-01  0.182013E-01  0.436353E-02  0.497752E-04  0.470077E-02  0.373625E-03
   6     5  0.156899E+02  0.160576E+00  0.931164E-01  0.245145E-03  0.672146E-01  0.637767E+01  0.711469E-01  0.414305E-01  0.196681E-01  0.481614E-02  0.217656E-04  0.499035E-02  0.220091E-03
   6     6  0.200369E+02  0.165655E+00  0.963958E-01  0.135796E-03  0.691232E-01  0.825691E+01  0.735937E-01  0.429028E-01  0.203852E-01  0.504729E-02  0.868354E-05  0.513512E-02  0.114674E-03
   6     7  0.243208E+02  0.168131E+00  0.980368E-01  0.685459E-04  0.700257E-01  0.101667E+02  0.746804E-01  0.435452E-01  0.207070E-01  0.517903E-02  0.331689E-05  0.519066E-02  0.552548E-04
   6     8  0.287120E+02  0.169329E+00  0.988271E-01  0.323621E-04  0.704699E-01  0.120939E+02  0.751299E-01  0.438590E-01  0.208217E-01  0.520784E-02  0.124032E-05  0.521493E-02  0.252534E-04
   7     1  0.121296E+01  0.357712E-01  0.200298E-01  0.136471E-03  0.156050E-01  0.405017E+00  0.120094E-01  0.686123E-02  0.326428E-02  0.650139E-03  0.613083E-04  0.929726E-03  0.242664E-03
   7     2  0.383440E+01  0.992976E-01  0.566699E-01  0.397843E-03  0.422299E-01  0.136252E+01  0.379455E-01  0.219742E-01  0.102540E-01  0.220116E-02  0.124920E-03  0.281989E-02  0.571320E-03
   7     3  0.716926E+01  0.139447E+00  0.799030E-01  0.519306E-03  0.590250E-01  0.275153E+01  0.597742E-01  0.346554E-01  0.163426E-01  0.374804E-02  0.106756E-03  0.434269E-02  0.578788E-03
   7     4  0.111196E+02  0.162777E+00  0.938869E-01  0.430311E-03  0.684600E-01  0.440715E+01  0.714137E-01  0.415073E-01  0.196501E-01  0.470279E-02  0.579435E-04  0.507204E-02  0.423563E-03
   7     5  0.153429E+02  0.174505E+00  0.101129E+00  0.279828E-03  0.730970E-01  0.621385E+01  0.772931E-01  0.450127E-01  0.213512E-01  0.522334E-02  0.256302E-04  0.542740E-02  0.252767E-03
   7     6  0.196282E+02  0.180561E+00  0.105056E+00  0.156719E-03  0.753482E-01  0.809484E+01  0.800846E-01  0.466829E-01  0.221852E-01  0.548421E-02  0.102839E-04  0.558914E-02  0.132852E-03
   7     7  0.239649E+02  0.182963E+00  0.106591E+00  0.795124E-04  0.762923E-01  0.100082E+02  0.814093E-01  0.475012E-01  0.225687E-01  0.561685E-02  0.393773E-05  0.565428E-02  0.643914E-04
   7     8  0.282875E+02  0.184458E+00  0.107759E+00  0.377711E-04  0.766607E-01  0.119297E+02  0.819461E-01  0.478594E-01  0.227129E-01  0.566222E-02  0.147492E-05  0.568059E-02  0.295537E-04
   8     1  0.104916E+01  0.333817E-01  0.186163E-01  0.128705E-03  0.146366E-01  0.352131E+00  0.112304E-01  0.639394E-02  0.306673E-02  0.607712E-03  0.591147E-04  0.875232E-03  0.227699E-03
   8     2  0.360120E+01  0.102999E+00  0.587962E-01  0.410085E-03  0.437932E-01  0.126802E+01  0.387554E-01  0.224701E-01  0.104323E-01  0.223026E-02  0.132926E-03  0.288595E-02  0.603891E-03
   8     3  0.686465E+01  0.148392E+00  0.849939E-01  0.562526E-03  0.628356E-01  0.262927E+01  0.633305E-01  0.367186E-01  0.172951E-01  0.395444E-02  0.119651E-03  0.460733E-02  0.635430E-03
   8     4  0.107944E+02  0.174761E+00  0.100781E+00  0.478128E-03  0.735020E-01  0.426375E+01  0.766594E-01  0.445900E-01  0.210448E-01  0.503367E-02  0.665489E-04  0.544966E-02  0.474678E-03
   8     5  0.149934E+02  0.188604E+00  0.109209E+00  0.315815E-03  0.790790E-01  0.606614E+01  0.834850E-01  0.486650E-01  0.230135E-01  0.563078E-02  0.297756E-04  0.585910E-02  0.286876E-03
   8     6  0.192901E+02  0.194987E+00  0.113402E+00  0.178530E-03  0.814066E-01  0.794340E+01  0.865118E-01  0.504379E-01  0.239336E-01  0.593984E-02  0.120111E-04  0.603652E-02  0.151929E-03
   8     7  0.236207E+02  0.198190E+00  0.115484E+00  0.911396E-04  0.826152E-01  0.985656E+01  0.881295E-01  0.514525E-01  0.244023E-01  0.606778E-02  0.461037E-05  0.612827E-02  0.740646E-04
   8     8  0.279635E+02  0.199645E+00  0.116401E+00  0.435167E-04  0.832010E-01  0.117754E+02  0.888089E-01  0.518053E-01  0.246446E-01  0.616352E-02  0.172959E-05  0.615970E-02  0.341171E-04
   9     1  0.908240E+00  0.309558E-01  0.171712E-01  0.120573E-03  0.136641E-01  0.306306E+00  0.104723E-01  0.594109E-02  0.287684E-02  0.565962E-03  0.564570E-04  0.819953E-03  0.212037E-03
   9     2  0.339186E+01  0.106408E+00  0.606871E-01  0.419310E-03  0.453020E-01  0.118191E+01  0.393306E-01  0.227957E-01  0.105802E-01  0.225074E-02  0.139953E-03  0.293061E-02  0.633470E-03
   9     3  0.659464E+01  0.156775E+00  0.897391E-01  0.604059E-03  0.664318E-01  0.251457E+01  0.667136E-01  0.386735E-01  0.182064E-01  0.414382E-02  0.132665E-03  0.486606E-02  0.691141E-03
   9     4  0.104887E+02  0.187021E+00  0.107798E+00  0.526564E-03  0.786971E-01  0.413465E+01  0.818140E-01  0.475299E-01  0.224919E-01  0.535878E-02  0.755990E-04  0.583089E-02  0.526900E-03
   9     5  0.146850E+02  0.202243E+00  0.117102E+00  0.352661E-03  0.847880E-01  0.592822E+01  0.894236E-01  0.521025E-01  0.246572E-01  0.602915E-02  0.341912E-04  0.627818E-02  0.322366E-03
   9     6  0.189797E+02  0.209603E+00  0.121926E+00  0.201181E-03  0.874756E-01  0.780517E+01  0.931854E-01  0.543585E-01  0.257809E-01  0.636633E-02  0.138672E-04  0.649376E-02  0.172137E-03
   9     7  0.232914E+02  0.213212E+00  0.124120E+00  0.103529E-03  0.889888E-01  0.971451E+01  0.948887E-01  0.554322E-01  0.262294E-01  0.654390E-02  0.533474E-05  0.659361E-02  0.842490E-04
   9     8  0.276247E+02  0.214788E+00  0.125181E+00  0.495945E-04  0.895574E-01  0.116276E+02  0.956195E-01  0.557931E-01  0.265201E-01  0.663166E-02  0.200351E-05  0.663356E-02  0.389835E-04
  10     1  0.787205E+00  0.285128E-01  0.157900E-01  0.112289E-03  0.126105E-01  0.267463E+00  0.971373E-02  0.550034E-02  0.267473E-02  0.524434E-03  0.535443E-04  0.764704E-03  0.195980E-03
  10     2  0.319871E+01  0.108950E+00  0.620852E-01  0.426270E-03  0.464382E-01  0.110599E+01  0.397477E-01  0.230302E-01  0.106848E-01  0.225883E-02  0.146477E-03  0.296758E-02  0.659858E-03
  10     3  0.634772E+01  0.165161E+00  0.945078E-01  0.644189E-03  0.700092E-01  0.241198E+01  0.699035E-01  0.405047E-01  0.190846E-01  0.432057E-02  0.145594E-03  0.510157E-02  0.746495E-03
  10     4  0.102136E+02  0.198601E+00  0.114442E+00  0.575488E-03  0.835839E-01  0.401721E+01  0.869088E-01  0.504927E-01  0.238805E-01  0.567133E-02  0.849595E-04  0.619948E-02  0.579831E-03
  10     5  0.143858E+02  0.215868E+00  0.124974E+00  0.391069E-03  0.905030E-01  0.580178E+01  0.953683E-01  0.555220E-01  0.263056E-01  0.643387E-02  0.388466E-04  0.670885E-02  0.359188E-03
  10     6  0.186705E+02  0.224294E+00  0.130365E+00  0.225068E-03  0.937036E-01  0.766823E+01  0.995435E-01  0.580284E-01  0.275433E-01  0.681837E-02  0.158444E-04  0.694420E-02  0.193352E-03
  10     7  0.229820E+02  0.228377E+00  0.132953E+00  0.116478E-03  0.953075E-01  0.957652E+01  0.101530E+00  0.592837E-01  0.280835E-01  0.699906E-02  0.611231E-05  0.706249E-02  0.951058E-04
  10     8  0.273285E+02  0.230272E+00  0.134366E+00  0.559935E-04  0.958504E-01  0.114969E+02  0.102212E+00  0.596112E-01  0.283673E-01  0.707984E-02  0.229777E-05  0.710691E-02  0.441013E-04
  11     1  0.682728E+00  0.261473E-01  0.144351E-01  0.104254E-03  0.116079E-01  0.233180E+00  0.894208E-02  0.504888E-02  0.246953E-02  0.484067E-03  0.503352E-04  0.709215E-03  0.180047E-03
  11     2  0.301815E+01  0.111313E+00  0.634005E-01  0.431601E-03  0.474807E-01  0.103511E+01  0.400243E-01  0.232034E-01  0.107364E-01  0.226275E-02  0.152044E-03  0.298836E-02  0.681327E-03
  11     3  0.611228E+01  0.173009E+00  0.989419E-01  0.682290E-03  0.733846E-01  0.231912E+01  0.728808E-01  0.422179E-01  0.198727E-01  0.449161E-02  0.158498E-03  0.533893E-02  0.801200E-03
  11     4  0.994645E+01  0.210153E+00  0.120955E+00  0.624411E-03  0.885733E-01  0.390534E+01  0.918515E-01  0.533655E-01  0.252226E-01  0.597099E-02  0.947368E-04  0.656373E-02  0.633869E-03
  11     5  0.141060E+02  0.229564E+00  0.132999E+00  0.430232E-03  0.961348E-01  0.568330E+01  0.101350E+00  0.589755E-01  0.279743E-01  0.681916E-02  0.438046E-04  0.714041E-02  0.396888E-03
  11     6  0.183862E+02  0.239015E+00  0.138772E+00  0.249697E-03  0.999929E-01  0.754633E+01  0.106008E+00  0.617894E-01  0.293388E-01  0.724433E-02  0.179406E-04  0.740246E-02  0.215344E-03
  11     7  0.227179E+02  0.243674E+00  0.141947E+00  0.129835E-03  0.101597E+00  0.945696E+01  0.108168E+00  0.630478E-01  0.300171E-01  0.745544E-02  0.694039E-05  0.753400E-02  0.106375E-03
  11     8  0.270505E+02  0.245614E+00  0.143183E+00  0.627409E-04  0.102368E+00  0.113732E+02  0.109133E+00  0.636983E-01  0.302600E-01  0.754336E-02  0.261190E-05  0.757919E-02  0.494743E-04
  12     1  0.593082E+00  0.238574E-01  0.131205E-01  0.963974E-04  0.106405E-01  0.203424E+00  0.821794E-02  0.461899E-02  0.228913E-02  0.444842E-03  0.471273E-04  0.653444E-03  0.164403E-03
  12     2  0.284905E+01  0.113018E+00  0.643311E-01  0.434726E-03  0.482522E-01  0.970774E+00  0.401560E-01  0.232519E-01  0.107830E-01  0.225818E-02  0.156805E-03  0.300512E-02  0.700957E-03
  12     3  0.590001E+01  0.180534E+00  0.103238E+00  0.718423E-03  0.765772E-01  0.223080E+01  0.758294E-01  0.439372E-01  0.206619E-01  0.464747E-02  0.171358E-03  0.555734E-02  0.854171E-03
  12     4  0.970405E+01  0.221747E+00  0.127645E+00  0.673073E-03  0.934283E-01  0.380645E+01  0.966332E-01  0.561025E-01  0.265457E-01  0.627147E-02  0.104923E-03  0.692030E-02  0.688272E-03
  12     5  0.138502E+02  0.242849E+00  0.140724E+00  0.470126E-03  0.101655E+00  0.557363E+01  0.107322E+00  0.624656E-01  0.296066E-01  0.720077E-02  0.489464E-04  0.756356E-02  0.436166E-03
  12     6  0.181312E+02  0.253541E+00  0.147219E+00  0.275257E-03  0.106047E+00  0.743862E+01  0.112357E+00  0.655192E-01  0.310424E-01  0.767991E-02  0.201708E-04  0.785678E-02  0.238179E-03
  12     7  0.224615E+02  0.258551E+00  0.150598E+00  0.143904E-03  0.107809E+00  0.933650E+01  0.114802E+00  0.669497E-01  0.318390E-01  0.790197E-02  0.781936E-05  0.798571E-02  0.118312E-03
  12     8  0.268093E+02  0.260605E+00  0.152012E+00  0.697186E-04  0.108523E+00  0.112563E+02  0.115885E+00  0.676619E-01  0.321071E-01  0.800643E-02  0.294642E-05  0.805167E-02  0.551218E-04
  13     1  0.514777E+00  0.216771E-01  0.118645E-01  0.888167E-04  0.972373E-02  0.178014E+00  0.753191E-02  0.423262E-02  0.209678E-02  0.406406E-03  0.438382E-04  0.602944E-03  0.149326E-03
  13     2  0.269079E+01  0.114032E+00  0.648783E-01  0.436841E-03  0.487166E-01  0.912364E+00  0.401899E-01  0.232749E-01  0.107814E-01  0.224477E-02  0.161080E-03  0.301286E-02  0.714925E-03
  13     3  0.570930E+01  0.187872E+00  0.107444E+00  0.753523E-03  0.796748E-01  0.214997E+01  0.785202E-01  0.455304E-01  0.213548E-01  0.479379E-02  0.184012E-03  0.575083E-02  0.906413E-03
  13     4  0.947221E+01  0.232509E+00  0.133818E+00  0.722258E-03  0.979689E-01  0.370776E+01  0.101480E+00  0.589629E-01  0.278302E-01  0.656393E-02  0.115249E-03  0.726464E-02  0.743510E-03
  13     5  0.136102E+02  0.256235E+00  0.148318E+00  0.510811E-03  0.107407E+00  0.546940E+01  0.113239E+00  0.659587E-01  0.311966E-01  0.758386E-02  0.543810E-04  0.796968E-02  0.476088E-03
  13     6  0.178947E+02  0.268065E+00  0.155748E+00  0.301572E-03  0.112015E+00  0.732632E+01  0.118770E+00  0.691482E-01  0.329068E-01  0.812416E-02  0.225050E-04  0.830699E-02  0.261858E-03
  13     7  0.221912E+02  0.273009E+00  0.158876E+00  0.158541E-03  0.113974E+00  0.923112E+01  0.121489E+00  0.708937E-01  0.336352E-01  0.836751E-02  0.875192E-05  0.845346E-02  0.130580E-03
  13     8  0.265427E+02  0.275761E+00  0.160659E+00  0.771173E-04  0.115025E+00  0.111458E+02  0.122746E+00  0.716616E-01  0.340171E-01  0.848354E-02  0.330091E-05  0.851931E-02  0.610849E-04
  14     1  0.446755E+00  0.196475E-01  0.107206E-01  0.813617E-04  0.884552E-02  0.155337E+00  0.687024E-02  0.384518E-02  0.192515E-02  0.371737E-03  0.406127E-04  0.551956E-03  0.135609E-03
  14     2  0.254601E+01  0.114776E+00  0.652930E-01  0.437094E-03  0.490461E-01  0.858668E+00  0.400405E-01  0.231701E-01  0.107430E-01  0.223313E-02  0.164540E-03  0.300379E-02  0.725888E-03
  14     3  0.552278E+01  0.195079E+00  0.111556E+00  0.786255E-03  0.827372E-01  0.207108E+01  0.810916E-01  0.469892E-01  0.220617E-01  0.493153E-02  0.196642E-03  0.595459E-02  0.957973E-03
  14     4  0.925341E+01  0.243804E+00  0.140238E+00  0.771488E-03  0.102794E+00  0.361709E+01  0.106233E+00  0.617079E-01  0.291298E-01  0.685764E-02  0.125870E-03  0.761229E-02  0.799206E-03
  14     5  0.133682E+02  0.269363E+00  0.155879E+00  0.552099E-03  0.112932E+00  0.537007E+01  0.118902E+00  0.692204E-01  0.327592E-01  0.795376E-02  0.600434E-04  0.839128E-02  0.517113E-03
  14     6  0.176489E+02  0.282273E+00  0.164004E+00  0.328815E-03  0.117940E+00  0.722278E+01  0.125198E+00  0.729494E-01  0.346421E-01  0.854722E-02  0.249830E-04  0.874834E-02  0.285935E-03
  14     7  0.219800E+02  0.288335E+00  0.167859E+00  0.173782E-03  0.120302E+00  0.913080E+01  0.128177E+00  0.748136E-01  0.354778E-01  0.881294E-02  0.972827E-05  0.891922E-02  0.143409E-03
  14     8  0.263254E+02  0.291377E+00  0.169974E+00  0.847828E-04  0.121318E+00  0.110430E+02  0.129394E+00  0.754617E-01  0.359268E-01  0.894348E-02  0.367474E-05  0.899124E-02  0.673047E-04
  15     1  0.388359E+00  0.177881E-01  0.969617E-02  0.743678E-04  0.801759E-02  0.135684E+00  0.625496E-02  0.349391E-02  0.175724E-02  0.338766E-03  0.374571E-04  0.505206E-03  0.122385E-03
  15     2  0.240755E+01  0.115093E+00  0.654096E-01  0.437077E-03  0.492463E-01  0.808959E+00  0.398346E-01  0.230272E-01  0.106940E-01  0.221325E-02  0.167736E-03  0.299700E-02  0.735439E-03
  15     3  0.535074E+01  0.202030E+00  0.115377E+00  0.817834E-03  0.858350E-01  0.200014E+01  0.834388E-01  0.483127E-01  0.227067E-01  0.505688E-02  0.208811E-03  0.614524E-02  0.100847E-02
  15     4  0.904628E+01  0.254617E+00  0.146380E+00  0.821107E-03  0.107416E+00  0.353576E+01  0.110700E+00  0.643021E-01  0.303186E-01  0.713310E-02  0.136836E-03  0.795486E-02  0.855018E-03
  15     5  0.131556E+02  0.282767E+00  0.163536E+00  0.594783E-03  0.118637E+00  0.528049E+01  0.124554E+00  0.724371E-01  0.343581E-01  0.832989E-02  0.659201E-04  0.880352E-02  0.559072E-03
  15     6  0.174303E+02  0.296729E+00  0.172421E+00  0.356597E-03  0.123952E+00  0.713270E+01  0.131460E+00  0.766131E-01  0.363403E-01  0.896213E-02  0.275475E-04  0.920620E-02  0.311245E-03
  15     7  0.217558E+02  0.303231E+00  0.176485E+00  0.189385E-03  0.126557E+00  0.903348E+01  0.134737E+00  0.786170E-01  0.373040E-01  0.927144E-02  0.107599E-04  0.937764E-02  0.156571E-03
  15     8  0.260764E+02  0.306550E+00  0.178676E+00  0.927139E-04  0.127782E+00  0.109482E+02  0.136321E+00  0.795196E-01  0.378424E-01  0.942211E-02  0.406578E-05  0.945891E-02  0.736764E-04
  16     1  0.337543E+00  0.160028E-01  0.869177E-02  0.677758E-04  0.724323E-02  0.118764E+00  0.566978E-02  0.315878E-02  0.159850E-02  0.307686E-03  0.344335E-04  0.460195E-03  0.110192E-03
  16     2  0.227774E+01  0.115053E+00  0.652679E-01  0.435105E-03  0.493498E-01  0.763264E+00  0.396057E-01  0.228978E-01  0.106276E-01  0.218845E-02  0.169985E-03  0.298070E-02  0.741128E-03
  16     3  0.519173E+01  0.208492E+00  0.119138E+00  0.847548E-03  0.885060E-01  0.193287E+01  0.857565E-01  0.496834E-01  0.232945E-01  0.517569E-02  0.221009E-03  0.632201E-02  0.105992E-02
  16     4  0.885519E+01  0.265345E+00  0.152622E+00  0.869972E-03  0.111853E+00  0.345379E+01  0.115189E+00  0.668587E-01  0.315864E-01  0.740549E-02  0.148018E-03  0.827835E-02  0.911630E-03
  16     5  0.129490E+02  0.295840E+00  0.171105E+00  0.637551E-03  0.124097E+00  0.518755E+01  0.130528E+00  0.759560E-01  0.359688E-01  0.871287E-02  0.720138E-04  0.921624E-02  0.601931E-03
  16     6  0.172447E+02  0.310669E+00  0.180351E+00  0.384813E-03  0.129933E+00  0.703494E+01  0.137955E+00  0.804142E-01  0.381323E-01  0.938999E-02  0.302464E-04  0.965059E-02  0.337361E-03
  16     7  0.215366E+02  0.318228E+00  0.185127E+00  0.205502E-03  0.132895E+00  0.892975E+01  0.141326E+00  0.824533E-01  0.391277E-01  0.972140E-02  0.118403E-04  0.984135E-02  0.170368E-03
  16     8  0.258843E+02  0.322010E+00  0.187719E+00  0.100995E-03  0.134190E+00  0.108452E+02  0.142962E+00  0.834770E-01  0.395881E-01  0.989633E-02  0.447957E-05  0.991557E-02  0.803674E-04
  17     1  0.294013E+00  0.144228E-01  0.780108E-02  0.616689E-04  0.656007E-02  0.103761E+00  0.513379E-02  0.285252E-02  0.145234E-02  0.278683E-03  0.315091E-04  0.419427E-03  0.993027E-04
  17     2  0.215719E+01  0.114650E+00  0.650360E-01  0.432447E-03  0.491818E-01  0.720691E+00  0.392314E-01  0.226439E-01  0.105489E-01  0.215944E-02  0.171696E-03  0.296257E-02  0.744815E-03
  17     3  0.504467E+01  0.215141E+00  0.122937E+00  0.875145E-03  0.913294E-01  0.187038E+01  0.878901E-01  0.508980E-01  0.238908E-01  0.528733E-02  0.232760E-03  0.647409E-02  0.110705E-02
  17     4  0.867701E+01  0.275851E+00  0.158564E+00  0.918518E-03  0.116368E+00  0.337521E+01  0.119694E+00  0.694668E-01  0.328118E-01  0.767028E-02  0.159416E-03  0.861713E-02  0.968349E-03
  17     5  0.127701E+02  0.308893E+00  0.178538E+00  0.680950E-03  0.129674E+00  0.510549E+01  0.136168E+00  0.792663E-01  0.374802E-01  0.907205E-02  0.783423E-04  0.962522E-02  0.646176E-03
  17     6  0.170250E+02  0.325623E+00  0.189118E+00  0.414119E-03  0.136090E+00  0.695525E+01  0.144276E+00  0.840691E-01  0.398885E-01  0.982093E-02  0.330608E-04  0.101002E-01  0.363864E-03
  17     7  0.213463E+02  0.333558E+00  0.194229E+00  0.222017E-03  0.139107E+00  0.884292E+01  0.148035E+00  0.863426E-01  0.410064E-01  0.101773E-01  0.129697E-04  0.103115E-01  0.184694E-03
  17     8  0.256630E+02  0.336751E+00  0.196471E+00  0.109491E-03  0.140170E+00  0.107633E+02  0.149798E+00  0.874636E-01  0.415132E-01  0.103296E-01  0.491227E-05  0.103997E-01  0.873031E-04
  18     1  0.254992E+00  0.129354E-01  0.698502E-02  0.559180E-04  0.589443E-02  0.908920E-01  0.463324E-02  0.256913E-02  0.131455E-02  0.252240E-03  0.287670E-04  0.379459E-03  0.890981E-04
  18     2  0.204051E+01  0.114053E+00  0.646307E-01  0.429978E-03  0.489924E-01  0.681041E+00  0.388093E-01  0.223803E-01  0.104357E-01  0.213450E-02  0.173294E-03  0.294122E-02  0.744249E-03
  18     3  0.489817E+01  0.221296E+00  0.126438E+00  0.901452E-03  0.939569E-01  0.181171E+01  0.899411E-01  0.520864E-01  0.244377E-01  0.538147E-02  0.244308E-03  0.663597E-02  0.115519E-02
  18     4  0.850347E+01  0.286145E+00  0.164379E+00  0.966951E-03  0.120799E+00  0.330506E+01  0.124107E+00  0.720740E-01  0.339677E-01  0.793451E-02  0.171012E-03  0.893365E-02  0.102578E-02
  18     5  0.125716E+02  0.321924E+00  0.185798E+00  0.724559E-03  0.135401E+00  0.502265E+01  0.142033E+00  0.827121E-01  0.390748E-01  0.944237E-02  0.848650E-04  0.100282E-01  0.690221E-03
  18     6  0.168335E+02  0.339407E+00  0.197118E+00  0.444025E-03  0.141845E+00  0.686602E+01  0.150524E+00  0.877405E-01  0.415743E-01  0.102432E-01  0.359804E-04  0.105392E-01  0.391075E-03
  18     7  0.211473E+02  0.347959E+00  0.202561E+00  0.239170E-03  0.145158E+00  0.876427E+01  0.154666E+00  0.902454E-01  0.428011E-01  0.106407E-01  0.141436E-04  0.107651E-01  0.199310E-03
  18     8  0.254899E+02  0.352345E+00  0.205485E+00  0.118268E-03  0.146742E+00  0.106775E+02  0.156632E+00  0.913957E-01  0.434449E-01  0.108178E-01  0.536566E-05  0.108736E-01  0.945186E-04
  19     1  0.222899E+00  0.115959E-01  0.624137E-02  0.506392E-04  0.530385E-02  0.794073E-01  0.417932E-02  0.231505E-02  0.118783E-02  0.227019E-03  0.262148E-04  0.343570E-03  0.796456E-04
  19     2  0.193217E+01  0.113179E+00  0.640461E-01  0.425260E-03  0.487082E-01  0.643421E+00  0.383061E-01  0.220716E-01  0.103106E-01  0.210174E-02  0.173831E-03  0.290515E-02  0.743150E-03
  19     3  0.476153E+01  0.227146E+00  0.129671E+00  0.925524E-03  0.965492E-01  0.175355E+01  0.916664E-01  0.530848E-01  0.248741E-01  0.547891E-02  0.255631E-03  0.677121E-02  0.120180E-02
  19     4  0.833750E+01  0.296583E+00  0.170311E+00  0.101468E-02  0.125258E+00  0.323645E+01  0.128371E+00  0.744732E-01  0.351768E-01  0.820105E-02  0.182885E-03  0.925598E-02  0.108155E-02
  19     5  0.123969E+02  0.334812E+00  0.193372E+00  0.769314E-03  0.140671E+00  0.494994E+01  0.147397E+00  0.857888E-01  0.405699E-01  0.979237E-02  0.916442E-04  0.104187E-01  0.735471E-03
  19     6  0.166543E+02  0.353671E+00  0.205274E+00  0.474272E-03  0.147922E+00  0.678500E+01  0.156850E+00  0.914358E-01  0.433436E-01  0.106462E-01  0.390272E-04  0.109664E-01  0.419277E-03
  19     7  0.209481E+02  0.363153E+00  0.211488E+00  0.256793E-03  0.151409E+00  0.868261E+01  0.161244E+00  0.940602E-01  0.446608E-01  0.110678E-01  0.153719E-04  0.112252E-01  0.214096E-03
  19     8  0.252945E+02  0.367274E+00  0.213991E+00  0.127285E-03  0.153155E+00  0.105942E+02  0.163296E+00  0.953021E-01  0.452924E-01  0.112486E-01  0.583598E-05  0.113454E-01  0.101889E-03
  20     1  0.193798E+00  0.103531E-01  0.556012E-02  0.455383E-04  0.474747E-02  0.694239E-01  0.375489E-02  0.207511E-02  0.107028E-02  0.205015E-03  0.237316E-04  0.309590E-03  0.711709E-04
  20     2  0.183113E+01  0.111948E+00  0.632835E-01  0.420485E-03  0.482439E-01  0.607969E+00  0.378218E-01  0.217810E-01  0.101845E-01  0.206762E-02  0.174442E-03  0.287525E-02  0.738970E-03
  20     3  0.463272E+01  0.232918E+00  0.133034E+00  0.948897E-03  0.989344E-01  0.169824E+01  0.934028E-01  0.540777E-01  0.253487E-01  0.555639E-02  0.266484E-03  0.690749E-02  0.124606E-02
  20     4  0.817268E+01  0.306754E+00  0.176178E+00  0.106332E-02  0.129513E+00  0.316973E+01  0.132636E+00  0.769817E-01  0.363023E-01  0.844160E-02  0.194921E-03  0.957607E-02  0.113946E-02
  20     5  0.122291E+02  0.347553E+00  0.200806E+00  0.814405E-03  0.145933E+00  0.487410E+01  0.152969E+00  0.889954E-01  0.420981E-01  0.101739E-01  0.985160E-04  0.108216E-01  0.781513E-03
  20     6  0.164741E+02  0.368015E+00  0.213451E+00  0.505523E-03  0.154058E+00  0.671271E+01  0.162970E+00  0.949134E-01  0.450683E-01  0.110861E-01  0.421679E-04  0.114115E-01  0.448612E-03
  20     7  0.207711E+02  0.377766E+00  0.219886E+00  0.274793E-03  0.157605E+00  0.859811E+01  0.167881E+00  0.979403E-01  0.464525E-01  0.115475E-01  0.166489E-04  0.116946E-01  0.229638E-03
  20     8  0.251288E+02  0.382286E+00  0.222782E+00  0.136649E-03  0.159368E+00  0.105126E+02  0.169777E+00  0.990326E-01  0.470799E-01  0.117360E-01  0.632634E-05  0.118128E-01  0.109477E-03
  21     1  0.168716E+00  0.924965E-02  0.496423E-02  0.411774E-04  0.424424E-02  0.606354E-01  0.337593E-02  0.186246E-02  0.966366E-03  0.183639E-03  0.215366E-04  0.278522E-03  0.634093E-04
  21     2  0.173314E+01  0.110483E+00  0.623518E-01  0.415362E-03  0.477154E-01  0.576023E+00  0.372066E-01  0.214070E-01  0.100243E-01  0.202976E-02  0.174476E-03  0.283786E-02  0.733236E-03
  21     3  0.451318E+01  0.238545E+00  0.136318E+00  0.971246E-03  0.101256E+00  0.164684E+01  0.950705E-01  0.550703E-01  0.257588E-01  0.563852E-02  0.276977E-03  0.703499E-02  0.129087E-02
  21     4  0.802179E+01  0.316702E+00  0.181724E+00  0.110972E-02  0.133867E+00  0.310521E+01  0.136807E+00  0.793874E-01  0.374562E-01  0.868569E-02  0.206957E-03  0.987545E-02  0.119576E-02
  21     5  0.120576E+02  0.360290E+00  0.208118E+00  0.860155E-03  0.151312E+00  0.480614E+01  0.158572E+00  0.921907E-01  0.436808E-01  0.105269E-01  0.105713E-03  0.112394E-01  0.828101E-03
  21     6  0.163059E+02  0.382241E+00  0.221672E+00  0.537285E-03  0.160031E+00  0.663338E+01  0.169383E+00  0.987013E-01  0.467920E-01  0.114995E-01  0.454116E-04  0.118672E-01  0.477529E-03
  21     7  0.206222E+02  0.393043E+00  0.228760E+00  0.293246E-03  0.163989E+00  0.853138E+01  0.174506E+00  0.101759E+00  0.483418E-01  0.119816E-01  0.179725E-04  0.121598E-01  0.245641E-03
  21     8  0.249428E+02  0.398208E+00  0.232185E+00  0.146248E-03  0.165876E+00  0.104416E+02  0.176683E+00  0.103039E+00  0.490113E-01  0.122155E-01  0.683706E-05  0.122930E-01  0.117336E-03
  22     1  0.147076E+00  0.823142E-02  0.441136E-02  0.369241E-04  0.378313E-02  0.530822E-01  0.301912E-02  0.166193E-02  0.866805E-03  0.164866E-03  0.194202E-04  0.249614E-03  0.564880E-04
  22     2  0.164094E+01  0.108865E+00  0.613622E-01  0.409616E-03  0.470931E-01  0.545563E+00  0.365968E-01  0.210233E-01  0.988767E-02  0.199249E-02  0.174123E-03  0.279389E-02  0.725358E-03
  22     3  0.439634E+01  0.243692E+00  0.139219E+00  0.991846E-03  0.103482E+00  0.159800E+01  0.965626E-01  0.559521E-01  0.261374E-01  0.570342E-02  0.287547E-03  0.714861E-02  0.133352E-02
  22     4  0.787609E+01  0.326479E+00  0.187345E+00  0.115808E-02  0.137976E+00  0.304750E+01  0.140796E+00  0.816970E-01  0.385178E-01  0.892937E-02  0.219310E-03  0.101793E-01  0.125369E-02
  22     5  0.119076E+02  0.372656E+00  0.215142E+00  0.905655E-03  0.156608E+00  0.473739E+01  0.164168E+00  0.955135E-01  0.451689E-01  0.108598E-01  0.112989E-03  0.116375E-01  0.875723E-03
  22     6  0.161403E+02  0.396154E+00  0.229623E+00  0.569744E-03  0.165961E+00  0.656755E+01  0.175450E+00  0.102258E+00  0.484399E-01  0.119052E-01  0.487895E-04  0.122909E-01  0.507693E-03
  22     7  0.204628E+02  0.407788E+00  0.237346E+00  0.311997E-03  0.170130E+00  0.844954E+01  0.180875E+00  0.105488E+00  0.500948E-01  0.124228E-01  0.193496E-04  0.125889E-01  0.261942E-03
  22     8  0.247957E+02  0.413208E+00  0.240952E+00  0.156029E-03  0.172099E+00  0.103674E+02  0.183411E+00  0.107055E+00  0.507889E-01  0.126701E-01  0.736830E-05  0.127635E-01  0.125422E-03
  23     1  0.127997E+00  0.734167E-02  0.392235E-02  0.331975E-04  0.338613E-02  0.463779E-01  0.270493E-02  0.148896E-02  0.776032E-03  0.147419E-03  0.175286E-04  0.224675E-03  0.503194E-04
  23     2  0.155419E+01  0.107050E+00  0.602822E-01  0.404002E-03  0.463641E-01  0.516689E+00  0.359694E-01  0.206586E-01  0.970719E-02  0.195697E-02  0.173499E-03  0.275658E-02  0.716557E-03
  23     3  0.428803E+01  0.249163E+00  0.142200E+00  0.101021E-02  0.105953E+00  0.155200E+01  0.980204E-01  0.568516E-01  0.264675E-01  0.576975E-02  0.297612E-03  0.725828E-02  0.137560E-02
  23     4  0.774080E+01  0.335974E+00  0.192608E+00  0.120358E-02  0.142163E+00  0.298975E+01  0.144918E+00  0.841031E-01  0.396208E-01  0.916961E-02  0.231656E-03  0.104823E-01  0.131054E-02
  23     5  0.117461E+02  0.385620E+00  0.222768E+00  0.952260E-03  0.161900E+00  0.467246E+01  0.169643E+00  0.987279E-01  0.466349E-01  0.112168E-01  0.120525E-03  0.120197E-01  0.923079E-03
  23     6  0.159903E+02  0.410218E+00  0.237794E+00  0.602131E-03  0.171823E+00  0.650198E+01  0.181827E+00  0.105902E+00  0.502479E-01  0.123435E-01  0.522528E-04  0.127434E-01  0.538148E-03
  23     7  0.203052E+02  0.422072E+00  0.245363E+00  0.331428E-03  0.176377E+00  0.839025E+01  0.187559E+00  0.109407E+00  0.519199E-01  0.128623E-01  0.207724E-04  0.130702E-01  0.278629E-03
  23     8  0.246285E+02  0.427964E+00  0.249316E+00  0.166250E-03  0.178482E+00  0.103030E+02  0.190270E+00  0.111093E+00  0.526748E-01  0.131452E-01  0.791872E-05  0.132151E-01  0.133779E-03
  24     1  0.111380E+00  0.653008E-02  0.347813E-02  0.296944E-04  0.302226E-02  0.405533E-01  0.241637E-02  0.132773E-02  0.696310E-03  0.131408E-03  0.157404E-04  0.200507E-03  0.446732E-04
  24     2  0.147421E+01  0.105146E+00  0.591201E-01  0.397090E-03  0.456291E-01  0.490231E+00  0.352609E-01  0.202287E-01  0.953301E-02  0.191713E-02  0.172563E-03  0.270403E-02  0.705503E-03
  24     3  0.418057E+01  0.253784E+00  0.144867E+00  0.102797E-02  0.107889E+00  0.150798E+01  0.992589E-01  0.575225E-01  0.268292E-01  0.582712E-02  0.307333E-03  0.735607E-02  0.141666E-02
  24     4  0.760059E+01  0.345761E+00  0.198171E+00  0.124934E-02  0.146341E+00  0.293346E+01  0.148862E+00  0.863556E-01  0.407269E-01  0.939775E-02  0.244072E-03  0.107688E-01  0.136868E-02
  24     5  0.116082E+02  0.397935E+00  0.229807E+00  0.998262E-03  0.167129E+00  0.461005E+01  0.174728E+00  0.101592E+00  0.480577E-01  0.115705E-01  0.128257E-03  0.124069E-01  0.971994E-03
  24     6  0.158404E+02  0.424116E+00  0.245848E+00  0.635775E-03  0.177632E+00  0.643042E+01  0.187912E+00  0.109474E+00  0.519059E-01  0.127365E-01  0.558532E-04  0.131707E-01  0.569049E-03
  24     7  0.201390E+02  0.437136E+00  0.254329E+00  0.351276E-03  0.182455E+00  0.832302E+01  0.194146E+00  0.113236E+00  0.537383E-01  0.133179E-01  0.222401E-04  0.135360E-01  0.295915E-03
  24     8  0.244643E+02  0.443276E+00  0.258492E+00  0.176633E-03  0.184607E+00  0.102316E+02  0.196901E+00  0.114862E+00  0.546019E-01  0.136028E-01  0.848846E-05  0.136826E-01  0.142392E-03
  25     1  0.967399E-01  0.580769E-02  0.309438E-02  0.266129E-04  0.268670E-02  0.353368E-01  0.215083E-02  0.117943E-02  0.620023E-03  0.117578E-03  0.141753E-04  0.179976E-03  0.396476E-04
  25     2  0.139611E+01  0.103122E+00  0.579438E-01  0.390375E-03  0.447876E-01  0.464660E+00  0.345851E-01  0.198122E-01  0.937587E-02  0.187573E-02  0.171336E-03  0.265555E-02  0.694461E-03
  25     3  0.408054E+01  0.258658E+00  0.147734E+00  0.104463E-02  0.109880E+00  0.146515E+01  0.100433E+00  0.581991E-01  0.271350E-01  0.587880E-02  0.316478E-03  0.744941E-02  0.145430E-02
  25     4  0.747555E+01  0.355084E+00  0.203584E+00  0.129570E-02  0.150205E+00  0.288127E+01  0.152561E+00  0.884757E-01  0.417057E-01  0.962883E-02  0.256772E-03  0.110699E-01  0.142441E-02
  25     5  0.114633E+02  0.410510E+00  0.236962E+00  0.104568E-02  0.172502E+00  0.455407E+01  0.180232E+00  0.104723E+00  0.496374E-01  0.119093E-01  0.136105E-03  0.128057E-01  0.102042E-02
  25     6  0.156957E+02  0.438295E+00  0.254121E+00  0.669857E-03  0.183504E+00  0.637011E+01  0.194119E+00  0.113065E+00  0.536251E-01  0.131533E-01  0.595226E-04  0.136149E-01  0.600800E-03
  25     7  0.200095E+02  0.451692E+00  0.262611E+00  0.371521E-03  0.188709E+00  0.825929E+01  0.200471E+00  0.116884E+00  0.555110E-01  0.137606E-01  0.237558E-04  0.139785E-01  0.313501E-03
  25     8  0.243220E+02  0.458179E+00  0.266939E+00  0.187310E-03  0.191053E+00  0.101664E+02  0.203631E+00  0.118782E+00  0.564909E-01  0.140355E-01  0.907089E-05  0.141632E-01  0.150987E-03
  26     1  0.843153E-01  0.515759E-02  0.274711E-02  0.237518E-04  0.238673E-02  0.308232E-01  0.191764E-02  0.105168E-02  0.553105E-03  0.104810E-03  0.126704E-04  0.160220E-03  0.351538E-04
  26     2  0.132250E+01  0.100893E+00  0.565844E-01  0.383340E-03  0.439256E-01  0.441310E+00  0.338430E-01  0.193657E-01  0.918081E-02  0.183412E-02  0.169825E-03  0.261103E-02  0.681582E-03
  26     3  0.398251E+01  0.263161E+00  0.150196E+00  0.106010E-02  0.111905E+00  0.142502E+01  0.101533E+00  0.588363E-01  0.274162E-01  0.592574E-02  0.325794E-03  0.753603E-02  0.149324E-02
  26     4  0.734725E+01  0.364038E+00  0.208588E+00  0.134060E-02  0.154109E+00  0.283104E+01  0.156388E+00  0.906771E-01  0.427698E-01  0.984759E-02  0.269382E-03  0.113423E-01  0.148184E-02
  26     5  0.113263E+02  0.422867E+00  0.244116E+00  0.109266E-02  0.177659E+00  0.449489E+01  0.185773E+00  0.108077E+00  0.510592E-01  0.122272E-01  0.144126E-03  0.131949E-01  0.107039E-02
  26     6  0.155657E+02  0.451744E+00  0.261968E+00  0.703797E-03  0.189073E+00  0.630711E+01  0.200285E+00  0.116676E+00  0.553055E-01  0.135473E-01  0.633194E-04  0.140594E-01  0.633276E-03
  26     7  0.198595E+02  0.466881E+00  0.271541E+00  0.391747E-03  0.194949E+00  0.819129E+01  0.207115E+00  0.120766E+00  0.573304E-01  0.142083E-01  0.253271E-04  0.144536E-01  0.331318E-03
  26     8  0.241876E+02  0.473481E+00  0.275779E+00  0.198046E-03  0.197504E+00  0.101001E+02  0.210347E+00  0.122765E+00  0.582715E-01  0.145244E-01  0.967903E-05  0.146163E-01  0.160024E-03
  27     1  0.734428E-01  0.456716E-02  0.242781E-02  0.211806E-04  0.211817E-02  0.269858E-01  0.170484E-02  0.932407E-03  0.493626E-03  0.932333E-04  0.113207E-04  0.143123E-03  0.311320E-04
  27     2  0.125386E+01  0.986350E-01  0.552192E-01  0.375818E-03  0.430399E-01  0.418437E+00  0.331231E-01  0.189368E-01  0.899936E-02  0.179287E-02  0.167876E-03  0.255795E-02  0.668289E-03
  27     3  0.389116E+01  0.267349E+00  0.152613E+00  0.107409E-02  0.113662E+00  0.138656E+01  0.102544E+00  0.594530E-01  0.276501E-01  0.596588E-02  0.334325E-03  0.761193E-02  0.152898E-02
  27     4  0.723207E+01  0.373506E+00  0.213992E+00  0.138426E-02  0.158130E+00  0.278124E+01  0.160174E+00  0.928705E-01  0.437881E-01  0.100651E-01  0.282248E-03  0.116292E-01  0.153854E-02
  27     5  0.112024E+02  0.435038E+00  0.250916E+00  0.114037E-02  0.182981E+00  0.443892E+01  0.190858E+00  0.110951E+00  0.524949E-01  0.125750E-01  0.152325E-03  0.135643E-01  0.112012E-02
  27     6  0.154168E+02  0.466365E+00  0.270482E+00  0.738690E-03  0.195144E+00  0.625034E+01  0.206370E+00  0.120172E+00  0.569974E-01  0.139694E-01  0.672041E-04  0.144979E-01  0.666360E-03
  27     7  0.197227E+02  0.481306E+00  0.280103E+00  0.412616E-03  0.200791E+00  0.812695E+01  0.213710E+00  0.124518E+00  0.592408E-01  0.146525E-01  0.269367E-04  0.149220E-01  0.349666E-03
  27     8  0.240501E+02  0.488665E+00  0.284978E+00  0.209324E-03  0.203478E+00  0.100432E+02  0.217181E+00  0.126779E+00  0.601513E-01  0.149675E-01  0.103069E-04  0.151031E-01  0.169199E-03
  28     1  0.638481E-01  0.404463E-02  0.214362E-02  0.188478E-04  0.188217E-02  0.235372E-01  0.151584E-02  0.829770E-03  0.438192E-03  0.830144E-04  0.101015E-04  0.127238E-03  0.275207E-04
  28     2  0.118810E+01  0.964176E-01  0.540032E-01  0.367905E-03  0.420465E-01  0.397055E+00  0.323560E-01  0.184656E-01  0.881319E-02  0.175173E-02  0.166128E-03  0.250543E-02  0.653939E-03
  28     3  0.379987E+01  0.271500E+00  0.154933E+00  0.108736E-02  0.115480E+00  0.134920E+01  0.103510E+00  0.599823E-01  0.279406E-01  0.599849E-02  0.342845E-03  0.768171E-02  0.156409E-02
  28     4  0.711958E+01  0.382404E+00  0.219101E+00  0.142955E-02  0.161874E+00  0.273194E+01  0.163834E+00  0.950563E-01  0.447090E-01  0.102734E-01  0.294936E-03  0.119045E-01  0.159588E-02
  28     5  0.110785E+02  0.447336E+00  0.257800E+00  0.118800E-02  0.188349E+00  0.438356E+01  0.196296E+00  0.114189E+00  0.539314E-01  0.129049E-01  0.160723E-03  0.139391E-01  0.117078E-02
  28     6  0.152826E+02  0.480096E+00  0.278344E+00  0.773747E-03  0.200978E+00  0.619408E+01  0.212364E+00  0.123706E+00  0.586138E-01  0.143658E-01  0.712094E-04  0.149075E-01  0.699281E-03
  28     7  0.195844E+02  0.495795E+00  0.288355E+00  0.434136E-03  0.207006E+00  0.807954E+01  0.220322E+00  0.128512E+00  0.609481E-01  0.151068E-01  0.285893E-04  0.153574E-01  0.368380E-03
  28     8  0.239180E+02  0.504165E+00  0.293985E+00  0.220428E-03  0.209960E+00  0.999035E+01  0.223933E+00  0.130687E+00  0.620759E-01  0.154211E-01  0.109545E-04  0.155591E-01  0.178626E-03
  29     1  0.557026E-01  0.357476E-02  0.189498E-02  0.168281E-04  0.166295E-02  0.205636E-01  0.134715E-02  0.736645E-03  0.391036E-03  0.736777E-04  0.901722E-05  0.112368E-03  0.244089E-04
  29     2  0.112703E+01  0.940615E-01  0.524978E-01  0.360055E-03  0.412036E-01  0.377053E+00  0.315925E-01  0.180262E-01  0.860276E-02  0.170907E-02  0.163937E-03  0.245110E-02  0.639457E-03
  29     3  0.371202E+01  0.275284E+00  0.156926E+00  0.109903E-02  0.117259E+00  0.131315E+01  0.104240E+00  0.603886E-01  0.281157E-01  0.603176E-02  0.350906E-03  0.775425E-02  0.159885E-02
  29     4  0.700632E+01  0.391624E+00  0.224328E+00  0.147137E-02  0.165825E+00  0.268736E+01  0.167331E+00  0.969824E-01  0.457280E-01  0.104849E-01  0.308078E-03  0.121755E-01  0.165245E-02
  29     5  0.109537E+02  0.459325E+00  0.264799E+00  0.123536E-02  0.193291E+00  0.433422E+01  0.201551E+00  0.117271E+00  0.553115E-01  0.132512E-01  0.169309E-03  0.143264E-01  0.122166E-02
  29     6  0.151625E+02  0.493599E+00  0.286025E+00  0.809070E-03  0.206765E+00  0.613557E+01  0.218611E+00  0.127377E+00  0.603314E-01  0.147731E-01  0.753301E-04  0.153206E-01  0.733447E-03
  29     7  0.194551E+02  0.511038E+00  0.297273E+00  0.455871E-03  0.213310E+00  0.802018E+01  0.226761E+00  0.132162E+00  0.627978E-01  0.155620E-01  0.302965E-04  0.158223E-01  0.387045E-03
  29     8  0.237737E+02  0.518752E+00  0.302199E+00  0.232057E-03  0.216321E+00  0.992494E+01  0.230499E+00  0.134419E+00  0.639451E-01  0.159068E-01  0.116172E-04  0.160290E-01  0.188202E-03
  30     1  0.486848E-01  0.317252E-02  0.168039E-02  0.148985E-04  0.147722E-02  0.179977E-01  0.119615E-02  0.652588E-03  0.348053E-03  0.652940E-04  0.803296E-05  0.100740E-03  0.214415E-04
  30     2  0.106751E+01  0.915565E-01  0.510726E-01  0.352733E-03  0.401312E-01  0.358290E+00  0.308310E-01  0.175700E-01  0.840957E-02  0.166567E-02  0.161323E-03  0.240042E-02  0.624003E-03
  30     3  0.362963E+01  0.279050E+00  0.159294E+00  0.111125E-02  0.118645E+00  0.127846E+01  0.105031E+00  0.608703E-01  0.282980E-01  0.606264E-02  0.358762E-03  0.781030E-02  0.163131E-02
  30     4  0.689929E+01  0.400229E+00  0.229182E+00  0.151603E-02  0.169531E+00  0.264325E+01  0.170956E+00  0.991464E-01  0.466578E-01  0.106796E-01  0.320980E-03  0.124436E-01  0.170785E-02
  30     5  0.108326E+02  0.471626E+00  0.271919E+00  0.128384E-02  0.198424E+00  0.428120E+01  0.206613E+00  0.120153E+00  0.567307E-01  0.135675E-01  0.177933E-03  0.147108E-01  0.127301E-02
  30     6  0.150386E+02  0.507339E+00  0.293815E+00  0.845992E-03  0.212677E+00  0.608497E+01  0.224743E+00  0.130913E+00  0.620263E-01  0.151872E-01  0.794943E-04  0.157695E-01  0.768340E-03
  30     7  0.193213E+02  0.525309E+00  0.305542E+00  0.478064E-03  0.219290E+00  0.796280E+01  0.233278E+00  0.136006E+00  0.645505E-01  0.160132E-01  0.320432E-04  0.162692E-01  0.406580E-03
  30     8  0.236523E+02  0.534254E+00  0.311402E+00  0.244000E-03  0.222608E+00  0.986703E+01  0.237107E+00  0.138326E+00  0.657082E-01  0.163621E-01  0.122973E-04  0.165001E-01  0.197928E-03
  31     1  0.423342E-01  0.279824E-02  0.147769E-02  0.132751E-04  0.130727E-02  0.156663E-01  0.105712E-02  0.575263E-03  0.308599E-03  0.578872E-04  0.715812E-05  0.892692E-04  0.189419E-04
  31     2  0.101327E+01  0.892055E-01  0.496624E-01  0.344892E-03  0.391983E-01  0.340237E+00  0.300306E-01  0.170822E-01  0.820988E-02  0.162471E-02  0.159349E-03  0.234575E-02  0.608678E-03
  31     3  0.354937E+01  0.282614E+00  0.161328E+00  0.112158E-02  0.120164E+00  0.124678E+01  0.105732E+00  0.612714E-01  0.284733E-01  0.608644E-02  0.366231E-03  0.787364E-02  0.166079E-02
  31     4  0.679366E+01  0.408911E+00  0.234026E+00  0.155844E-02  0.173327E+00  0.260044E+01  0.174416E+00  0.101069E+00  0.476729E-01  0.108779E-01  0.333848E-03  0.126991E-01  0.176348E-02
  31     5  0.107114E+02  0.483469E+00  0.278724E+00  0.133211E-02  0.203413E+00  0.423438E+01  0.211884E+00  0.123123E+00  0.582320E-01  0.139229E-01  0.186863E-03  0.150943E-01  0.132480E-02
  31     6  0.149053E+02  0.521655E+00  0.302127E+00  0.882824E-03  0.218646E+00  0.603140E+01  0.230783E+00  0.134423E+00  0.636905E-01  0.155652E-01  0.837777E-04  0.162176E-01  0.803039E-03
  31     7  0.192218E+02  0.540220E+00  0.314072E+00  0.500161E-03  0.225647E+00  0.790986E+01  0.239807E+00  0.139792E+00  0.664239E-01  0.164007E-01  0.338448E-04  0.167299E-01  0.426241E-03
  31     8  0.235334E+02  0.549065E+00  0.319887E+00  0.255986E-03  0.228923E+00  0.981763E+01  0.243853E+00  0.142225E+00  0.676318E-01  0.168149E-01  0.130025E-04  0.169600E-01  0.208008E-03
  32     1  0.366743E-01  0.247070E-02  0.130578E-02  0.117074E-04  0.115321E-02  0.136254E-01  0.936764E-03  0.510219E-03  0.272982E-03  0.512085E-04  0.634699E-05  0.793188E-04  0.166880E-04
  32     2  0.960181E+00  0.868107E-01  0.482816E-01  0.336647E-03  0.381925E-01  0.323675E+00  0.292945E-01  0.166522E-01  0.801901E-02  0.158419E-02  0.156328E-03  0.228900E-02  0.593823E-03
  32     3  0.346950E+01  0.285393E+00  0.162914E+00  0.113039E-02  0.121348E+00  0.121467E+01  0.106248E+00  0.615385E-01  0.286210E-01  0.610676E-02  0.373553E-03  0.791609E-02  0.169204E-02
  32     4  0.669728E+01  0.417238E+00  0.238750E+00  0.159924E-02  0.176889E+00  0.256098E+01  0.177634E+00  0.102955E+00  0.484895E-01  0.110605E-01  0.346805E-03  0.129613E-01  0.182011E-02
  32     5  0.106029E+02  0.495219E+00  0.285410E+00  0.138054E-02  0.208428E+00  0.418828E+01  0.217008E+00  0.126130E+00  0.596292E-01  0.142132E-01  0.195727E-03  0.154635E-01  0.137671E-02
  32     6  0.147961E+02  0.535428E+00  0.310271E+00  0.919529E-03  0.224238E+00  0.598256E+01  0.236802E+00  0.138037E+00  0.652520E-01  0.159621E-01  0.882021E-04  0.166237E-01  0.838483E-03
  32     7  0.190872E+02  0.554858E+00  0.322733E+00  0.522749E-03  0.231601E+00  0.785471E+01  0.246148E+00  0.143482E+00  0.681449E-01  0.168843E-01  0.356967E-04  0.171538E-01  0.446631E-03
  32     8  0.234176E+02  0.563944E+00  0.328396E+00  0.268154E-03  0.235280E+00  0.976361E+01  0.250561E+00  0.146211E+00  0.693781E-01  0.172982E-01  0.137266E-04  0.174413E-01  0.218143E-03
  33     1  0.318665E-01  0.217478E-02  0.114752E-02  0.103802E-04  0.101688E-02  0.119074E-01  0.829075E-03  0.451469E-03  0.241809E-03  0.453632E-04  0.569270E-05  0.700487E-04  0.146924E-04
  33     2  0.911586E+00  0.843507E-01  0.468637E-01  0.328224E-03  0.371587E-01  0.306876E+00  0.285278E-01  0.162012E-01  0.782082E-02  0.153934E-02  0.153547E-03  0.223564E-02  0.577250E-03
  33     3  0.339360E+01  0.288773E+00  0.164632E+00  0.113929E-02  0.123001E+00  0.118426E+01  0.106929E+00  0.619898E-01  0.287682E-01  0.611819E-02  0.380541E-03  0.795248E-02  0.171999E-02
  33     4  0.660087E+01  0.425841E+00  0.243836E+00  0.163990E-02  0.180365E+00  0.251972E+01  0.181044E+00  0.104931E+00  0.494207E-01  0.112508E-01  0.359827E-03  0.132064E-01  0.187454E-02
  33     5  0.104879E+02  0.507118E+00  0.292225E+00  0.142879E-02  0.213464E+00  0.413848E+01  0.222291E+00  0.129230E+00  0.610525E-01  0.145313E-01  0.204926E-03  0.158434E-01  0.142953E-02
  33     6  0.146885E+02  0.549285E+00  0.318222E+00  0.956469E-03  0.230106E+00  0.593152E+01  0.242728E+00  0.141293E+00  0.670167E-01  0.163784E-01  0.926528E-04  0.170724E-01  0.874239E-03
  33     7  0.189780E+02  0.568960E+00  0.330591E+00  0.545774E-03  0.237824E+00  0.780838E+01  0.252626E+00  0.147256E+00  0.698900E-01  0.173242E-01  0.375915E-04  0.176522E-01  0.466635E-03
  33     8  0.233031E+02  0.579664E+00  0.337634E+00  0.280628E-03  0.241749E+00  0.971701E+01  0.257459E+00  0.150269E+00  0.712875E-01  0.177552E-01  0.144688E-04  0.179040E-01  0.228396E-03
  34     1  0.275992E-01  0.191610E-02  0.101086E-02  0.917670E-05  0.896070E-03  0.103542E-01  0.729877E-03  0.396934E-03  0.213227E-03  0.400461E-04  0.500510E-05  0.616604E-04  0.130048E-04
  34     2  0.865143E+00  0.819643E-01  0.454707E-01  0.320416E-03  0.361732E-01  0.292206E+00  0.277259E-01  0.157179E-01  0.762158E-02  0.149744E-02  0.150610E-03  0.217727E-02  0.561154E-03
  34     3  0.332147E+01  0.291671E+00  0.166348E+00  0.114598E-02  0.124177E+00  0.115580E+01  0.107351E+00  0.622054E-01  0.288823E-01  0.612774E-02  0.387259E-03  0.800030E-02  0.174777E-02
  34     4  0.650327E+01  0.434135E+00  0.248392E+00  0.168100E-02  0.184062E+00  0.248027E+01  0.184311E+00  0.106797E+00  0.503471E-01  0.114302E-01  0.372606E-03  0.134329E-01  0.193091E-02
  34     5  0.103919E+02  0.519138E+00  0.299202E+00  0.147759E-02  0.218458E+00  0.409812E+01  0.227254E+00  0.132096E+00  0.624116E-01  0.148555E-01  0.214271E-03  0.161950E-01  0.148135E-02
  34     6  0.145726E+02  0.562315E+00  0.325528E+00  0.994973E-03  0.235792E+00  0.588082E+01  0.248927E+00  0.144965E+00  0.686620E-01  0.167732E-01  0.972479E-04  0.175194E-01  0.909931E-03
  34     7  0.188517E+02  0.584450E+00  0.339941E+00  0.569753E-03  0.243939E+00  0.775761E+01  0.259151E+00  0.151059E+00  0.717681E-01  0.177118E-01  0.395199E-04  0.180855E-01  0.487715E-03
  34     8  0.231897E+02  0.594493E+00  0.346244E+00  0.293485E-03  0.247955E+00  0.966521E+01  0.264073E+00  0.154048E+00  0.732244E-01  0.182031E-01  0.152304E-04  0.183429E-01  0.239392E-03
  35     1  0.241913E-01  0.168902E-02  0.890401E-03  0.812986E-05  0.790494E-03  0.902515E-02  0.645485E-03  0.350149E-03  0.189347E-03  0.352898E-04  0.442143E-05  0.548470E-04  0.114307E-04
  35     2  0.820460E+00  0.793969E-01  0.439856E-01  0.311885E-03  0.350994E-01  0.277440E+00  0.269650E-01  0.152805E-01  0.741388E-02  0.145593E-02  0.147873E-03  0.212186E-02  0.544979E-03
  35     3  0.325145E+01  0.294303E+00  0.167808E+00  0.115312E-02  0.125342E+00  0.112704E+01  0.107734E+00  0.624347E-01  0.289571E-01  0.614264E-02  0.393165E-03  0.803422E-02  0.177232E-02
  35     4  0.641116E+01  0.442502E+00  0.253189E+00  0.172140E-02  0.187591E+00  0.244097E+01  0.187446E+00  0.108620E+00  0.511401E-01  0.116159E-01  0.385704E-03  0.136999E-01  0.198431E-02
  35     5  0.102847E+02  0.530660E+00  0.305716E+00  0.152602E-02  0.223418E+00  0.405087E+01  0.231970E+00  0.134800E+00  0.637032E-01  0.151419E-01  0.223624E-03  0.165669E-01  0.153472E-02
  35     6  0.144670E+02  0.576449E+00  0.333973E+00  0.103364E-02  0.241442E+00  0.583767E+01  0.254684E+00  0.148227E+00  0.703206E-01  0.171613E-01  0.101940E-03  0.179258E-01  0.946974E-03
  35     7  0.187577E+02  0.598696E+00  0.347977E+00  0.593373E-03  0.250125E+00  0.771142E+01  0.265530E+00  0.154857E+00  0.734213E-01  0.181664E-01  0.415073E-04  0.185355E-01  0.508897E-03
  35     8  0.230757E+02  0.608821E+00  0.354536E+00  0.306435E-03  0.253979E+00  0.961516E+01  0.270759E+00  0.157897E+00  0.750749E-01  0.186537E-01  0.159996E-04  0.188680E-01  0.249861E-03
  36     1  0.210484E-01  0.148839E-02  0.783284E-03  0.717938E-05  0.697926E-03  0.788503E-02  0.567269E-03  0.308540E-03  0.165314E-03  0.311748E-04  0.391068E-05  0.483268E-04  0.100027E-04
  36     2  0.777283E+00  0.769674E-01  0.425598E-01  0.303391E-03  0.341042E-01  0.264596E+00  0.262157E-01  0.148368E-01  0.722573E-02  0.141576E-02  0.144753E-03  0.206420E-02  0.528417E-03
  36     3  0.318011E+01  0.296898E+00  0.169208E+00  0.115922E-02  0.126531E+00  0.109988E+01  0.108165E+00  0.626457E-01  0.290938E-01  0.615214E-02  0.399694E-03  0.807618E-02  0.179744E-02
  36     4  0.632267E+01  0.450425E+00  0.257585E+00  0.176065E-02  0.191080E+00  0.240577E+01  0.190956E+00  0.110745E+00  0.520445E-01  0.117906E-01  0.398631E-03  0.139359E-01  0.204093E-02
  36     5  0.101784E+02  0.542038E+00  0.312304E+00  0.157479E-02  0.228159E+00  0.400851E+01  0.237264E+00  0.137904E+00  0.651306E-01  0.154683E-01  0.233128E-03  0.169388E-01  0.158890E-02
  36     6  0.143670E+02  0.589515E+00  0.341448E+00  0.107136E-02  0.246995E+00  0.579306E+01  0.260701E+00  0.151787E+00  0.719250E-01  0.175508E-01  0.106733E-03  0.183466E-01  0.984785E-03
  36     7  0.186474E+02  0.613351E+00  0.356484E+00  0.617536E-03  0.256250E+00  0.766369E+01  0.272035E+00  0.158561E+00  0.752642E-01  0.186164E-01  0.435386E-04  0.190200E-01  0.529937E-03
  36     8  0.229810E+02  0.624748E+00  0.363785E+00  0.319572E-03  0.260643E+00  0.956992E+01  0.277427E+00  0.161885E+00  0.768822E-01  0.191137E-01  0.167996E-04  0.192684E-01  0.261019E-03
  37     1  0.182961E-01  0.131085E-02  0.694259E-03  0.634027E-05  0.610246E-03  0.687027E-02  0.502277E-03  0.273014E-03  0.146936E-03  0.273835E-04  0.346499E-05  0.426469E-04  0.883167E-05
  37     2  0.738641E+00  0.745507E-01  0.411735E-01  0.296190E-03  0.330810E-01  0.251588E+00  0.254441E-01  0.143770E-01  0.702490E-02  0.137560E-02  0.141447E-03  0.201226E-02  0.512904E-03
  37     3  0.311483E+01  0.298958E+00  0.170493E+00  0.116526E-02  0.127299E+00  0.107225E+01  0.108462E+00  0.628694E-01  0.291412E-01  0.614765E-02  0.405084E-03  0.807872E-02  0.182006E-02
  37     4  0.623629E+01  0.458229E+00  0.261988E+00  0.179845E-02  0.194443E+00  0.237219E+01  0.193782E+00  0.112256E+00  0.528773E-01  0.119634E-01  0.411592E-03  0.141787E-01  0.209503E-02
  37     5  0.100904E+02  0.554254E+00  0.319144E+00  0.162444E-02  0.233486E+00  0.396688E+01  0.242096E+00  0.140645E+00  0.664928E-01  0.157710E-01  0.242858E-03  0.173028E-01  0.164176E-02
  37     6  0.142544E+02  0.603757E+00  0.349532E+00  0.111067E-02  0.253114E+00  0.574941E+01  0.266511E+00  0.155152E+00  0.735178E-01  0.179331E-01  0.111581E-03  0.187731E-01  0.102252E-02
  37     7  0.185489E+02  0.627802E+00  0.364870E+00  0.641701E-03  0.262289E+00  0.761197E+01  0.278496E+00  0.162269E+00  0.771388E-01  0.190407E-01  0.456029E-04  0.194503E-01  0.551954E-03
  37     8  0.228795E+02  0.638968E+00  0.372465E+00  0.332768E-03  0.266170E+00  0.952481E+01  0.284201E+00  0.165841E+00  0.787500E-01  0.195601E-01  0.176152E-04  0.197600E-01  0.272395E-03
  38     1  0.158515E-01  0.115200E-02  0.604654E-03  0.558930E-05  0.541757E-03  0.596622E-02  0.441410E-03  0.239627E-03  0.129174E-03  0.241623E-04  0.306615E-05  0.376143E-04  0.776648E-05
  38     2  0.700084E+00  0.722769E-01  0.398852E-01  0.287738E-03  0.321040E-01  0.239070E+00  0.246796E-01  0.139332E-01  0.682264E-02  0.133316E-02  0.138507E-03  0.195584E-02  0.496189E-03
  38     3  0.304708E+01  0.301164E+00  0.171718E+00  0.117051E-02  0.128276E+00  0.104783E+01  0.108724E+00  0.629621E-01  0.292364E-01  0.615219E-02  0.410638E-03  0.812039E-02  0.184182E-02
  38     4  0.615619E+01  0.465880E+00  0.266473E+00  0.183731E-02  0.197569E+00  0.233482E+01  0.196860E+00  0.114080E+00  0.536699E-01  0.121295E-01  0.424571E-03  0.144061E-01  0.214928E-02
  38     5  0.999085E+01  0.565952E+00  0.325716E+00  0.167401E-02  0.238562E+00  0.392644E+01  0.247090E+00  0.143620E+00  0.677578E-01  0.160914E-01  0.252642E-03  0.176715E-01  0.169693E-02
  38     6  0.141540E+02  0.617405E+00  0.357820E+00  0.114939E-02  0.258436E+00  0.570472E+01  0.272612E+00  0.158767E+00  0.751250E-01  0.183367E-01  0.116525E-03  0.192066E-01  0.105969E-02
  38     7  0.184384E+02  0.642184E+00  0.373248E+00  0.666539E-03  0.268270E+00  0.757542E+01  0.285055E+00  0.166167E+00  0.788637E-01  0.194895E-01  0.477146E-04  0.199126E-01  0.573990E-03
  38     8  0.227406E+02  0.654535E+00  0.381516E+00  0.346383E-03  0.272672E+00  0.948096E+01  0.290903E+00  0.169729E+00  0.806184E-01  0.200286E-01  0.184541E-04  0.202255E-01  0.283567E-03
  39     1  0.138556E-01  0.101198E-02  0.529588E-03  0.492502E-05  0.477466E-03  0.518908E-02  0.388872E-03  0.210589E-03  0.114341E-03  0.212525E-04  0.269173E-05  0.331681E-04  0.682930E-05
  39     2  0.664579E+00  0.698389E-01  0.384909E-01  0.279162E-03  0.310688E-01  0.227032E+00  0.239843E-01  0.135376E-01  0.663654E-02  0.129383E-02  0.135139E-03  0.190006E-02  0.481139E-03
  39     3  0.298450E+01  0.303036E+00  0.172590E+00  0.117373E-02  0.129273E+00  0.102308E+01  0.108860E+00  0.630491E-01  0.292424E-01  0.615364E-02  0.416096E-03  0.813721E-02  0.186182E-02
  39     4  0.607718E+01  0.474208E+00  0.271180E+00  0.187303E-02  0.201155E+00  0.230286E+01  0.199762E+00  0.115710E+00  0.544827E-01  0.123096E-01  0.437475E-03  0.146185E-01  0.220361E-02
  39     5  0.990072E+01  0.577002E+00  0.332161E+00  0.172179E-02  0.243119E+00  0.388898E+01  0.252055E+00  0.146518E+00  0.691046E-01  0.163973E-01  0.262693E-03  0.180215E-01  0.175076E-02
  39     6  0.140584E+02  0.630672E+00  0.365040E+00  0.118765E-02  0.264444E+00  0.566276E+01  0.278704E+00  0.162338E+00  0.768292E-01  0.187301E-01  0.121626E-03  0.195873E-01  0.109841E-02
  39     7  0.183412E+02  0.657095E+00  0.382004E+00  0.691985E-03  0.274399E+00  0.752976E+01  0.291416E+00  0.169921E+00  0.805904E-01  0.198947E-01  0.498845E-04  0.203633E-01  0.596471E-03
  39     8  0.226681E+02  0.669246E+00  0.389557E+00  0.360200E-03  0.279329E+00  0.943271E+01  0.297108E+00  0.173129E+00  0.824787E-01  0.204937E-01  0.193032E-04  0.206918E-01  0.295202E-03
  40     1  0.120482E-01  0.889325E-03  0.466281E-03  0.433059E-05  0.418714E-03  0.453170E-02  0.342285E-03  0.185625E-03  0.100417E-03  0.187285E-04  0.237947E-05  0.291236E-04  0.601086E-05
  40     2  0.630767E+00  0.675415E-01  0.371215E-01  0.271226E-03  0.301487E-01  0.216268E+00  0.232194E-01  0.130810E-01  0.644100E-02  0.125494E-02  0.131844E-03  0.184522E-02  0.465367E-03
  40     3  0.292190E+01  0.304747E+00  0.173619E+00  0.117824E-02  0.129950E+00  0.998747E+00  0.108987E+00  0.631374E-01  0.292493E-01  0.614696E-02  0.420807E-03  0.815012E-02  0.188244E-02
  40     4  0.600019E+01  0.481747E+00  0.275584E+00  0.191094E-02  0.204252E+00  0.226933E+01  0.202651E+00  0.117471E+00  0.551713E-01  0.124509E-01  0.450496E-03  0.148508E-01  0.225717E-02
  40     5  0.980835E+01  0.588194E+00  0.338451E+00  0.177125E-02  0.247972E+00  0.384964E+01  0.256912E+00  0.149286E+00  0.704600E-01  0.167051E-01  0.272554E-03  0.183835E-01  0.180476E-02
  40     6  0.139581E+02  0.644300E+00  0.372961E+00  0.122884E-02  0.270111E+00  0.562477E+01  0.284556E+00  0.165738E+00  0.784000E-01  0.191171E-01  0.126749E-03  0.200353E-01  0.113851E-02
  40     7  0.182478E+02  0.671956E+00  0.390479E+00  0.717641E-03  0.280760E+00  0.748687E+01  0.297624E+00  0.173448E+00  0.823863E-01  0.203133E-01  0.520783E-04  0.208059E-01  0.619099E-03
  40     8  0.225665E+02  0.684336E+00  0.398594E+00  0.374017E-03  0.285368E+00  0.938768E+01  0.303951E+00  0.177288E+00  0.842395E-01  0.209487E-01  0.201760E-04  0.211484E-01  0.306907E-03
  41     1  0.105013E-01  0.783262E-03  0.410572E-03  0.381689E-05  0.368873E-03  0.393866E-02  0.300547E-03  0.162560E-03  0.884651E-04  0.165035E-04  0.209531E-05  0.256727E-04  0.525097E-05
  41     2  0.600161E+00  0.654237E-01  0.358941E-01  0.263474E-03  0.292662E-01  0.205924E+00  0.225004E-01  0.126568E-01  0.625698E-02  0.121637E-02  0.128929E-03  0.179178E-02  0.449622E-03
  41     3  0.286133E+01  0.306385E+00  0.174569E+00  0.118181E-02  0.130635E+00  0.975537E+00  0.109112E+00  0.631759E-01  0.292945E-01  0.614807E-02  0.425409E-03  0.816886E-02  0.189949E-02
  41     4  0.591947E+01  0.489189E+00  0.279786E+00  0.194546E-02  0.207457E+00  0.223854E+01  0.205438E+00  0.118959E+00  0.560310E-01  0.126000E-01  0.463058E-03  0.150740E-01  0.231085E-02
  41     5  0.971352E+01  0.599364E+00  0.345066E+00  0.182139E-02  0.252477E+00  0.381272E+01  0.261714E+00  0.152026E+00  0.718233E-01  0.170019E-01  0.282856E-03  0.187217E-01  0.185882E-02
  41     6  0.138724E+02  0.657571E+00  0.380662E+00  0.126919E-02  0.275640E+00  0.557881E+01  0.290342E+00  0.169013E+00  0.800683E-01  0.194891E-01  0.131974E-03  0.204619E-01  0.117796E-02
  41     7  0.181452E+02  0.685981E+00  0.398702E+00  0.742410E-03  0.286536E+00  0.744501E+01  0.304230E+00  0.177278E+00  0.841933E-01  0.207950E-01  0.543345E-04  0.212672E-01  0.642042E-03
  41     8  0.224792E+02  0.699846E+00  0.407798E+00  0.388197E-03  0.291660E+00  0.935026E+01  0.310548E+00  0.181104E+00  0.860760E-01  0.213899E-01  0.210637E-04  0.216386E-01  0.318922E-03
  42     1  0.908312E-02  0.686570E-03  0.360140E-03  0.334854E-05  0.323081E-03  0.343453E-02  0.264450E-03  0.143046E-03  0.779990E-04  0.144756E-04  0.184235E-05  0.224963E-04  0.459129E-05
  42     2  0.568495E+00  0.630896E-01  0.346449E-01  0.255915E-03  0.281888E-01  0.195784E+00  0.218174E-01  0.122712E-01  0.606694E-02  0.118041E-02  0.125711E-03  0.173867E-02  0.434529E-03
  42     3  0.280087E+01  0.307589E+00  0.175161E+00  0.118369E-02  0.131244E+00  0.954478E+00  0.109076E+00  0.631176E-01  0.293029E-01  0.613381E-02  0.430021E-03  0.817684E-02  0.191435E-02
  42     4  0.584728E+01  0.496848E+00  0.284040E+00  0.198164E-02  0.210826E+00  0.220788E+01  0.208197E+00  0.120604E+00  0.567052E-01  0.127628E-01  0.475841E-03  0.152862E-01  0.236291E-02
  42     5  0.963464E+01  0.610992E+00  0.351694E+00  0.187001E-02  0.257427E+00  0.377688E+01  0.266582E+00  0.154879E+00  0.730990E-01  0.173027E-01  0.293022E-03  0.190939E-01  0.191509E-02
  42     6  0.137829E+02  0.670568E+00  0.388045E+00  0.130990E-02  0.281214E+00  0.554673E+01  0.296021E+00  0.172340E+00  0.815817E-01  0.198812E-01  0.137321E-03  0.208637E-01  0.121700E-02
  42     7  0.180593E+02  0.700565E+00  0.406982E+00  0.768458E-03  0.292814E+00  0.740479E+01  0.310624E+00  0.181026E+00  0.859621E-01  0.212184E-01  0.566442E-04  0.216956E-01  0.665465E-03
  42     8  0.223903E+02  0.714352E+00  0.415627E+00  0.402618E-03  0.298322E+00  0.930475E+01  0.317357E+00  0.185158E+00  0.879710E-01  0.217870E-01  0.219792E-04  0.220873E-01  0.331158E-03
  43     1  0.785266E-02  0.601564E-03  0.315467E-03  0.294659E-05  0.283150E-03  0.297993E-02  0.232635E-03  0.126141E-03  0.683741E-04  0.126860E-04  0.162308E-05  0.197809E-04  0.402990E-05
  43     2  0.540221E+00  0.610197E-01  0.334816E-01  0.248528E-03  0.272896E-01  0.186030E+00  0.210935E-01  0.118540E-01  0.586956E-02  0.114033E-02  0.122237E-03  0.168721E-02  0.420190E-03
  43     3  0.274627E+01  0.308983E+00  0.175706E+00  0.118589E-02  0.132091E+00  0.931673E+00  0.109239E+00  0.633038E-01  0.292788E-01  0.611856E-02  0.434172E-03  0.817293E-02  0.193118E-02
  43     4  0.577209E+01  0.504430E+00  0.288318E+00  0.201632E-02  0.214095E+00  0.217771E+01  0.210938E+00  0.122253E+00  0.574095E-01  0.128985E-01  0.488720E-03  0.154731E-01  0.241515E-02
  43     5  0.954383E+01  0.622221E+00  0.358221E+00  0.191970E-02  0.262081E+00  0.374209E+01  0.271437E+00  0.157745E+00  0.744074E-01  0.175738E-01  0.303515E-03  0.194375E-01  0.196989E-02
  43     6  0.136941E+02  0.684489E+00  0.396132E+00  0.135042E-02  0.287006E+00  0.550153E+01  0.301978E+00  0.175782E+00  0.832326E-01  0.202650E-01  0.142692E-03  0.212989E-01  0.125675E-02
  43     7  0.179739E+02  0.714470E+00  0.415002E+00  0.795235E-03  0.298673E+00  0.736525E+01  0.317013E+00  0.184832E+00  0.876203E-01  0.216374E-01  0.589996E-04  0.221750E-01  0.688923E-03
  43     8  0.222911E+02  0.730802E+00  0.425702E+00  0.417158E-03  0.304683E+00  0.926616E+01  0.324413E+00  0.189442E+00  0.897521E-01  0.222914E-01  0.229112E-04  0.225616E-01  0.343091E-03
  44     1  0.686345E-02  0.529400E-03  0.277540E-03  0.259024E-05  0.249270E-03  0.259979E-02  0.203443E-03  0.110118E-03  0.599132E-04  0.111686E-04  0.142329E-05  0.172814E-04  0.353807E-05
  44     2  0.513381E+00  0.588150E-01  0.322334E-01  0.240948E-03  0.263406E-01  0.176861E+00  0.204261E-01  0.114683E-01  0.569583E-02  0.110367E-02  0.118939E-03  0.163355E-02  0.405840E-03
  44     3  0.268673E+01  0.309952E+00  0.176385E+00  0.118686E-02  0.132380E+00  0.911200E+00  0.109156E+00  0.631815E-01  0.293011E-01  0.610828E-02  0.438267E-03  0.818126E-02  0.194531E-02
  44     4  0.570132E+01  0.511172E+00  0.292245E+00  0.205201E-02  0.216876E+00  0.214725E+01  0.213583E+00  0.123742E+00  0.581723E-01  0.130315E-01  0.500941E-03  0.156673E-01  0.246877E-02
  44     5  0.946354E+01  0.633390E+00  0.364497E+00  0.196745E-02  0.266925E+00  0.370934E+01  0.276245E+00  0.160497E+00  0.757634E-01  0.178641E-01  0.314069E-03  0.197822E-01  0.202480E-02
  44     6  0.136014E+02  0.697512E+00  0.403579E+00  0.139095E-02  0.292541E+00  0.546523E+01  0.307887E+00  0.179227E+00  0.848426E-01  0.206353E-01  0.148234E-03  0.217370E-01  0.129731E-02
  44     7  0.178816E+02  0.729742E+00  0.423719E+00  0.822043E-03  0.305200E+00  0.732381E+01  0.323616E+00  0.188650E+00  0.894871E-01  0.221071E-01  0.613649E-04  0.225978E-01  0.712768E-03
  44     8  0.221956E+02  0.744350E+00  0.433557E+00  0.431935E-03  0.310361E+00  0.922699E+01  0.330708E+00  0.192922E+00  0.916081E-01  0.228124E-01  0.238568E-04  0.229858E-01  0.355869E-03
  45     1  0.595733E-02  0.462844E-03  0.241884E-03  0.227132E-05  0.218690E-03  0.225745E-02  0.178536E-03  0.966759E-04  0.524080E-04  0.979521E-05  0.126032E-05  0.152753E-04  0.312095E-05
  45     2  0.487301E+00  0.567421E-01  0.310618E-01  0.233082E-03  0.254472E-01  0.168436E+00  0.197461E-01  0.110743E-01  0.551362E-02  0.106746E-02  0.115795E-03  0.158323E-02  0.391728E-03
  45     3  0.263563E+01  0.311102E+00  0.176932E+00  0.118806E-02  0.132983E+00  0.890892E+00  0.109096E+00  0.631635E-01  0.292528E-01  0.609602E-02  0.441842E-03  0.818568E-02  0.195660E-02
  45     4  0.563134E+01  0.519046E+00  0.296765E+00  0.208418E-02  0.220196E+00  0.211749E+01  0.216111E+00  0.125114E+00  0.588932E-01  0.131862E-01  0.513743E-03  0.158841E-01  0.251959E-02
  45     5  0.937839E+01  0.644515E+00  0.370750E+00  0.201790E-02  0.271747E+00  0.367365E+01  0.280528E+00  0.162916E+00  0.769439E-01  0.181374E-01  0.324522E-03  0.201242E-01  0.208168E-02
  45     6  0.135202E+02  0.710512E+00  0.411033E+00  0.143418E-02  0.298045E+00  0.542853E+01  0.314045E+00  0.182806E+00  0.865864E-01  0.210299E-01  0.153800E-03  0.221318E-01  0.133714E-02
  45     7  0.178039E+02  0.743287E+00  0.431921E+00  0.848584E-03  0.310517E+00  0.729242E+01  0.329697E+00  0.192248E+00  0.911021E-01  0.224999E-01  0.638024E-04  0.230459E-01  0.737603E-03
  45     8  0.221237E+02  0.759301E+00  0.442179E+00  0.447229E-03  0.316675E+00  0.918900E+01  0.337417E+00  0.196669E+00  0.936032E-01  0.232453E-01  0.248155E-04  0.235061E-01  0.368203E-03
  46     1  0.519872E-02  0.405328E-03  0.212362E-03  0.200156E-05  0.190964E-03  0.194973E-02  0.156675E-03  0.847663E-04  0.460737E-04  0.859831E-05  0.110238E-05  0.134190E-04  0.271567E-05
  46     2  0.461829E+00  0.548075E-01  0.299423E-01  0.225907E-03  0.246392E-01  0.160507E+00  0.190941E-01  0.106881E-01  0.534718E-02  0.103419E-02  0.112726E-03  0.153419E-02  0.377647E-03
  46     3  0.258212E+01  0.311710E+00  0.177278E+00  0.118836E-02  0.133244E+00  0.871388E+00  0.108953E+00  0.630403E-01  0.292308E-01  0.608549E-02  0.445812E-03  0.818086E-02  0.197011E-02
  46     4  0.556292E+01  0.525676E+00  0.300362E+00  0.211692E-02  0.223198E+00  0.208996E+01  0.218967E+00  0.126872E+00  0.596188E-01  0.133046E-01  0.526180E-03  0.160746E-01  0.257043E-02
  46     5  0.929933E+01  0.655217E+00  0.376867E+00  0.206639E-02  0.276283E+00  0.363943E+01  0.285661E+00  0.166044E+00  0.782298E-01  0.184265E-01  0.335253E-03  0.204874E-01  0.213741E-02
  46     6  0.134412E+02  0.723686E+00  0.418626E+00  0.147490E-02  0.303586E+00  0.539389E+01  0.319365E+00  0.185906E+00  0.879917E-01  0.213973E-01  0.159483E-03  0.225297E-01  0.138012E-02
  46     7  0.176950E+02  0.757464E+00  0.439836E+00  0.875800E-03  0.316752E+00  0.725118E+01  0.336285E+00  0.196014E+00  0.929831E-01  0.229516E-01  0.662821E-04  0.235083E-01  0.761630E-03
  46     8  0.220279E+02  0.774769E+00  0.451074E+00  0.462227E-03  0.323233E+00  0.914905E+01  0.343944E+00  0.200642E+00  0.953376E-01  0.236406E-01  0.258008E-04  0.239161E-01  0.381357E-03
  47     1  0.448429E-02  0.354456E-03  0.186179E-03  0.174154E-05  0.166536E-03  0.171771E-02  0.137233E-03  0.742703E-04  0.403124E-04  0.753988E-05  0.965590E-06  0.117592E-04  0.238600E-05
  47     2  0.438837E+00  0.527091E-01  0.287674E-01  0.219180E-03  0.237225E-01  0.152883E+00  0.184400E-01  0.103265E-01  0.515865E-02  0.997547E-03  0.109188E-03  0.148432E-02  0.363757E-03
  47     3  0.253016E+01  0.312044E+00  0.177483E+00  0.118921E-02  0.133372E+00  0.852026E+00  0.108800E+00  0.629595E-01  0.291858E-01  0.606354E-02  0.448494E-03  0.816511E-02  0.197757E-02
  47     4  0.549985E+01  0.532766E+00  0.304621E+00  0.214868E-02  0.225997E+00  0.206363E+01  0.221422E+00  0.128385E+00  0.601742E-01  0.134489E-01  0.538624E-03  0.162531E-01  0.262229E-02
  47     5  0.922944E+01  0.666946E+00  0.383423E+00  0.211529E-02  0.281408E+00  0.360612E+01  0.290149E+00  0.168575E+00  0.794811E-01  0.187249E-01  0.346051E-03  0.208302E-01  0.219167E-02
  47     6  0.133515E+02  0.737074E+00  0.426085E+00  0.151674E-02  0.309472E+00  0.536111E+01  0.325265E+00  0.189344E+00  0.896093E-01  0.217588E-01  0.165198E-03  0.229677E-01  0.142021E-02
  47     7  0.176256E+02  0.773325E+00  0.449370E+00  0.902970E-03  0.323052E+00  0.720843E+01  0.342628E+00  0.199656E+00  0.948026E-01  0.233667E-01  0.687756E-04  0.239480E-01  0.786277E-03
  47     8  0.219566E+02  0.789395E+00  0.459894E+00  0.477400E-03  0.329024E+00  0.911143E+01  0.350354E+00  0.204285E+00  0.971335E-01  0.241129E-01  0.268002E-04  0.244017E-01  0.394533E-03
  48     1  0.391234E-02  0.310143E-03  0.162401E-03  0.153485E-05  0.146207E-03  0.148206E-02  0.120092E-03  0.648601E-04  0.354868E-04  0.655127E-05  0.846390E-06  0.102677E-04  0.207938E-05
  48     2  0.416733E+00  0.508540E-01  0.277600E-01  0.211451E-03  0.228825E-01  0.145338E+00  0.178257E-01  0.997120E-02  0.499488E-02  0.966685E-03  0.106263E-03  0.143608E-02  0.350618E-03
  48     3  0.247605E+01  0.312682E+00  0.177695E+00  0.118985E-02  0.133797E+00  0.833462E+00  0.108611E+00  0.627721E-01  0.291857E-01  0.603879E-02  0.451383E-03  0.817491E-02  0.198824E-02
  48     4  0.543614E+01  0.539763E+00  0.308314E+00  0.218261E-02  0.229266E+00  0.203711E+01  0.223791E+00  0.129708E+00  0.608124E-01  0.135852E-01  0.550882E-03  0.164596E-01  0.267472E-02
  48     5  0.915260E+01  0.677850E+00  0.389461E+00  0.216559E-02  0.286223E+00  0.357426E+01  0.294602E+00  0.171091E+00  0.807081E-01  0.190227E-01  0.356999E-03  0.211756E-01  0.224772E-02
  48     6  0.132740E+02  0.750613E+00  0.434297E+00  0.155738E-02  0.314759E+00  0.532183E+01  0.331246E+00  0.192827E+00  0.912450E-01  0.221578E-01  0.171018E-03  0.233831E-01  0.146190E-02
  48     7  0.175462E+02  0.787022E+00  0.457040E+00  0.930733E-03  0.329051E+00  0.718038E+01  0.348831E+00  0.203230E+00  0.965333E-01  0.237982E-01  0.713342E-04  0.243866E-01  0.811803E-03
  48     8  0.218674E+02  0.803829E+00  0.467945E+00  0.492895E-03  0.335391E+00  0.907940E+01  0.357573E+00  0.208618E+00  0.990689E-01  0.245809E-01  0.278268E-04  0.248694E-01  0.407538E-03
  49     1  0.341111E-02  0.271763E-03  0.142192E-03  0.134050E-05  0.128230E-03  0.129000E-02  0.105292E-03  0.568511E-04  0.310844E-04  0.574830E-05  0.744651E-06  0.903971E-05  0.182384E-05
  49     2  0.396272E+00  0.489978E-01  0.266846E-01  0.204958E-03  0.221083E-01  0.138192E+00  0.172282E-01  0.963245E-02  0.483172E-02  0.932652E-03  0.102914E-03  0.139054E-02  0.337916E-03
  49     3  0.242749E+01  0.313033E+00  0.177691E+00  0.118728E-02  0.134155E+00  0.815422E+00  0.108437E+00  0.627096E-01  0.291008E-01  0.602485E-02  0.454954E-03  0.815248E-02  0.199449E-02
  49     4  0.537389E+01  0.546741E+00  0.312409E+00  0.221060E-02  0.232121E+00  0.201090E+01  0.226111E+00  0.130987E+00  0.614772E-01  0.137100E-01  0.563154E-03  0.166491E-01  0.272387E-02
  49     5  0.907989E+01  0.688096E+00  0.395648E+00  0.221229E-02  0.290236E+00  0.354460E+01  0.299353E+00  0.173871E+00  0.820281E-01  0.192856E-01  0.368084E-03  0.214962E-01  0.230424E-02
  49     6  0.131964E+02  0.763205E+00  0.441177E+00  0.159945E-02  0.320429E+00  0.529026E+01  0.336965E+00  0.196195E+00  0.928006E-01  0.225398E-01  0.177044E-03  0.237487E-01  0.150433E-02
  49     7  0.174631E+02  0.801033E+00  0.465346E+00  0.958850E-03  0.334728E+00  0.714381E+01  0.355145E+00  0.206990E+00  0.981865E-01  0.242055E-01  0.739317E-04  0.248518E-01  0.837305E-03
  49     8  0.217728E+02  0.818875E+00  0.476758E+00  0.508637E-03  0.341608E+00  0.904253E+01  0.363874E+00  0.212228E+00  0.100803E+00  0.250660E-01  0.288665E-04  0.253284E-01  0.420802E-03
  50     1  0.294208E-02  0.237550E-03  0.124037E-03  0.117404E-05  0.112339E-03  0.111671E-02  0.921978E-04  0.498154E-04  0.271702E-04  0.507049E-05  0.650918E-06  0.790154E-05  0.158932E-05
  50     2  0.375915E+00  0.472766E-01  0.257581E-01  0.197757E-03  0.213207E-01  0.131812E+00  0.166250E-01  0.928184E-02  0.467409E-02  0.899381E-03  0.999255E-04  0.134500E-02  0.324740E-03
  50     3  0.237447E+01  0.313120E+00  0.177737E+00  0.118706E-02  0.134196E+00  0.798235E+00  0.108193E+00  0.625495E-01  0.290376E-01  0.599446E-02  0.457156E-03  0.815129E-02  0.200314E-02
  50     4  0.531720E+01  0.553333E+00  0.316135E+00  0.224229E-02  0.234955E+00  0.198392E+01  0.228352E+00  0.132297E+00  0.620512E-01  0.138394E-01  0.575752E-03  0.168139E-01  0.277480E-02
  50     5  0.900691E+01  0.698982E+00  0.401855E+00  0.226233E-02  0.294865E+00  0.351246E+01  0.303761E+00  0.176340E+00  0.832727E-01  0.195738E-01  0.378974E-03  0.218357E-01  0.236030E-02
  50     6  0.131132E+02  0.777611E+00  0.449584E+00  0.164304E-02  0.326384E+00  0.525703E+01  0.342813E+00  0.199628E+00  0.943624E-01  0.229044E-01  0.182969E-03  0.241881E-01  0.154726E-02
  50     7  0.173835E+02  0.815884E+00  0.473386E+00  0.987484E-03  0.341510E+00  0.710993E+01  0.361460E+00  0.210542E+00  0.100005E+00  0.246720E-01  0.765611E-04  0.253021E-01  0.862609E-03
  50     8  0.217086E+02  0.834488E+00  0.486078E+00  0.524721E-03  0.347885E+00  0.900343E+01  0.370117E+00  0.215825E+00  0.102571E+00  0.254713E-01  0.299182E-04  0.257849E-01  0.434460E-03
