2 6.95367 -8.49883 54.4404 55.5368 0
21 0.129877 0.65751 -0.428388 0.795427 0
21 4.83588 8.58325 -3.71844 10.5302 0
3 -1.94454 0.712476 1.22333 2.40529 0
-1 -0.205613 1.60647 78.7379 78.7545 0
21 0.326228 0.453492 0.355575 0.662203 0
21 -0.538432 -0.218879 14.503 14.5147 0
21 0.480073 -0.34368 -2.12585 2.20631 0
-2 0.342681 -3.23113 19.0604 19.3354 0
21 1.73837 0.508055 39.4426 39.4842 0
21 -0.355222 0.27504 -3.12243 3.15458 0
-2 -0.34021 -0.948253 -1.61812 1.9061 0
21 -0.238339 -0.177606 4.32565 4.33585 0
21 1.24599 3.32089 -0.574673 3.59319 0
-1 0.050214 0.756857 -1.49372 1.67528 0
21 0.829819 -1.84804 102.372 102.392 0
21 1.17931 -1.99496 72.479 72.5161 0
-2 0.819841 -0.351279 1.15849 1.46207 0
21 0.416172 0.440673 0.238907 0.651512 0
21 0.507849 0.869625 0.418881 1.0907 0
21 -0.00638112 -0.472148 0.312831 0.566417 0
21 0.118336 0.778953 0.104904 0.794844 0
21 0.0945602 0.496812 -0.81282 0.957309 0
21 -0.326635 0.383123 -0.721885 0.880108 0
21 -0.190371 -0.0868338 -0.000744837 0.209241 0
21 0.24064 -0.637656 -37.7901 37.7963 0
21 0.756403 -0.889239 56.5142 56.5263 0
21 0.26225 0.158809 17.9198 17.9224 0
21 0.758247 -0.0654393 0.261418 0.804711 0
21 0.255553 0.0243008 1.24217 1.26842 0
21 -0.432225 -0.798583 -15.0824 15.1097 0
21 -0.692776 0.134634 -1.13842 1.33942 0
21 -0.1778 -0.390801 1.31614 1.3844 0
21 -0.113354 -1.40124 38.5294 38.555 0
21 -0.463044 0.123872 0.259359 0.544996 0
21 -0.0898614 -0.238307 2.10243 2.1178 0
21 -0.498385 0.759812 0.0467423 0.909882 0
-2 -0.807829 0.818552 2.21983 2.50005 0
21 0.912236 -0.413928 -2.74144 2.91874 0
21 0.33686 0.302458 -7.69726 7.71057 0
2 0.933859 -0.0454594 56.163 56.1708 0
21 -0.337264 0.395863 4.62926 4.65838 0
21 0.0554832 -0.38201 1.59948 1.64541 0
21 0.737335 1.0635 -41.465 41.4852 0
-2 0.700773 -0.687879 18.8502 18.8758 0
21 0.232021 -0.086024 5.60827 5.61372 0
21 -0.0549726 -0.270904 7.5923 7.59733 0
21 0.193369 0.335214 5.18629 5.20071 0
-2 0.962442 0.843346 16.9397 16.9879 0
21 -0.352405 1.18195 -90.8578 90.8662 0
2 0.216666 -0.306299 4.31693 4.33321 0
21 0.495948 0.773612 0.0343529 0.919575 2
21 0.634196 0.041107 0.643894 0.904707 2
21 -0.0313176 0.610547 2.60579 2.67654 2
-3 0.364422 -0.282137 -0.991958 1.09379 2
21 -1.7377 -0.414762 0.993309 2.04409 2
21 -0.975564 0.385805 -0.12261 1.05622 0
21 -0.263556 -0.132299 0.268945 0.399119 2
21 -0.464373 0.212706 0.709298 0.874065 2
21 -0.867091 0.29903 -0.0252731 0.917553 0
2 -0.224715 1.31678 -0.147835 1.34397 2
21 -1.00028 -0.0223093 -0.389012 1.07349 0
2 -0.140139 0.65312 -0.32938 0.744779 2
-1 0.0793707 0.264812 1.10844 1.1424 2
21 0.544017 0.443089 -0.500497 0.861847 0
21 0.455684 0.164726 -0.123497 0.500034 2
21 0.877927 -0.192272 0.142455 0.909955 2
-2 -0.507004 -0.96572 -4.58247 4.71049 2
-3 -0.234348 0.603943 0.0822164 0.653013 2
2 -0.268143 -0.422833 -0.224307 0.548637 2
21 -0.300145 -0.285029 0.242087 0.479515 0
21 -0.424688 0.783944 -0.170741 0.907789 2
21 0.333183 -0.0427664 -1.20067 1.24677 2
21 -0.190202 0.726748 -0.195264 0.776188 0
21 -0.275419 -0.316177 -0.073953 0.425784 2
21 -0.376955 -0.589085 0.0707408 0.702937 0
-3 0.944587 0.483816 -0.364021 1.12198 2
21 -0.932576 -0.128471 -0.906504 1.30689 0
21 -0.675151 -0.801905 0.543017 1.18057 2
21 0.510232 -0.471185 1.16588 1.35706 2
21 -0.537871 -0.710109 2.78564 2.92461 0
21 0.0164072 0.192348 -0.569996 0.6018 2
21 0.171028 -0.804302 -0.620473 1.03012 0
21 -0.833415 0.0966873 -2.23653 2.38872 2
21 0.00503258 -1.10255 -0.638396 1.27405 2
1 0.368885 0.230427 0.121639 0.451629 2
21 -0.619423 0.158782 -0.181136 0.66461 0
21 -0.524981 0.431505 0.555777 0.877889 2
21 -0.00370768 0.938048 -0.0514128 0.939463 0
-3 -0.00482589 0.423675 0.00530726 0.423735 2
21 0.0900154 0.0257703 0.996264 1.00065 2
21 0.379721 0.443419 0.0471505 0.585689 2
21 -0.70209 -0.44771 -0.913964 1.23641 0
-3 0.21571 -0.368308 0.423052 0.600961 2
21 -0.545318 0.138682 -1.54758 1.64669 2
-2 -0.339181 0.221473 1.87418 1.91746 2
21 -0.657639 0.745275 -0.359946 1.05711 0
21 0.197581 0.424085 -0.122201 0.483548 2
21 -0.732107 0.599352 0.342666 1.00629 2
21 -0.603699 0.485446 -0.51938 0.932665 2
21 -0.692054 0.559594 -0.378941 0.967306 2
21 -0.039947 0.439819 0.0820023 0.449178 2
21 0.070175 0.612484 0.218626 0.654109 0
21 0.156557 0.0768359 0.207493 0.271048 2
1 0.211354 -0.0683387 0.661971 0.698245 2
21 0.139387 0.626043 -0.188213 0.668418 0
21 0.196035 -0.519229 -0.371463 0.667843 2
21 -0.19969 -0.220953 0.0821933 0.308953 2
21 -0.253675 0.0267821 -0.35029 0.433326 2
-1 1.24758 0.356716 0.202758 1.31332 2
21 -1.2006 0.0976449 -0.499225 1.30391 0
21 0.595407 -0.168827 -0.245631 0.665842 2
21 -0.47022 0.260614 0.435048 0.691587 2
21 -0.388343 -0.474635 -0.665238 0.904781 0
21 -0.965134 0.0367436 1.65454 1.91581 2
1 0.20765 0.832281 -0.283604 0.903461 2
21 -0.0243039 -0.853168 -2.22089 2.37925 2
21 1.33085 -0.149612 2.13633 2.52139 2
21 0.487542 0.147594 -0.484511 0.703017 2
-1 -0.30626 -0.249716 0.28243 0.485716 2
21 -0.408233 0.420303 1.23813 1.36977 0
-2 0.12198 -0.0181271 -1.32929 1.335 2
-1 -0.60239 -0.576668 0.475336 0.959877 2
21 -0.19885 -0.0776439 0.0587047 0.221396 2
21 0.160124 -0.612287 4.2289 4.27599 0
21 -0.448021 0.484272 1.33466 1.48881 2
21 -0.204658 0.431252 -0.46639 0.66737 2
-2 1.16551 0.541846 -2.29709 2.63223 2
-2 -0.177474 1.51968 8.40855 8.54661 2
21 1.58586 -0.951474 7.29965 7.53028 0
21 0.260712 -0.109883 0.0697931 0.291404 2
21 0.57429 -0.415962 -0.662686 0.97056 0
-3 0.351185 0.130239 -1.41341 1.4622 2
21 0.404764 0.245029 -1.16581 1.25817 2
21 -0.0838983 0.687992 -1.18587 1.37356 2
21 0.679984 -0.733322 20.3396 20.3642 2
21 0.319168 -0.578625 5.33191 5.37271 0
21 0.812237 0.88263 -3.37309 3.58002 2
21 0.345945 0.129332 -1.40787 1.45551 2
21 -0.186591 -0.368094 -2.1188 2.15862 0
21 0.502291 -0.0787288 -0.365596 0.626223 2
21 -0.801667 0.00142896 -2.15752 2.30164 2
21 0.177017 0.698238 -2.63972 2.73624 2
21 0.336632 0.0583093 -1.12301 1.17383 2
21 0.497182 -0.0696703 -1.9108 1.97565 0
-2 -0.844361 -0.748726 -0.830706 1.40129 2
21 -0.278802 -0.458044 -0.876688 1.02767 0
21 0.358705 -0.375356 1.88173 1.95204 2
# 0 148
21 -2.61714 3.53667 -1.38504 4.61257 0
21 0.229425 -0.450338 -24.0163 24.0216 0
21 -0.304254 -0.970263 -1.09202 1.49214 0
21 -0.758466 -1.09297 -1.44467 1.96391 0
21 0.945593 -0.284674 2.97047 3.13032 0
-2 -0.814163 1.12049 0.0455313 1.3858 0
21 -0.191485 -0.462716 -2.05016 2.11043 0
3 -0.507816 0.702957 -0.255554 0.904065 0
21 -7.32482 1.59911 3.11377 8.11823 0
21 -0.872525 -0.88376 2.95366 3.20413 0
-1 -0.94939 1.3357 -4.66868 4.94793 0
21 0.202979 -0.45922 -8.32013 8.33527 0
21 0.753896 -1.22879 21.4413 21.4897 0
2 -3.53894 -1.41061 0.870507 3.9079 0
21 -0.811648 -0.353271 8.97916 9.02269 0
21 0.11647 -0.213258 -0.0639551 0.251266 0
21 0.0731275 0.259108 6.91112 6.91636 0
21 -0.195711 0.798207 -7.13065 7.17785 0
21 4.97251 -3.31209 -87.8855 88.0884 0
21 0.530196 -0.106982 -3.67391 3.71351 0
21 -0.616717 0.104865 1.27098 1.41659 0
21 1.52713 -0.76378 -16.3375 16.4265 0
21 -2.01497 0.770973 -0.396081 2.19349 0
21 0.720755 1.07451 74.3206 74.3318 0
21 -0.734463 -0.573504 41.4498 41.4602 0
21 0.138748 -0.221736 -0.204546 0.33205 0
21 -0.655256 -0.399466 -3.0058 3.10222 0
21 0.330547 -1.53747 -1.67145 2.29495 0
21 0.141964 -1.06963 1.85594 2.14681 0
21 0.214571 -0.248761 3.13853 3.15568 0
2 -1.12629 1.2583 7.95572 8.13298 0
21 4.54022 6.84211 -27.01 28.2307 0
21 2.47441 -5.11136 -11.9314 13.2139 0
21 -3.64588 -0.861769 4.02327 5.49744 0
-2 -3.31097 -0.18412 84.2529 84.3181 0
21 -0.531203 -0.860983 4.54595 4.65716 0
-1 0.470582 -0.211344 2.24028 2.29891 0
21 -1.05835 -0.833683 -5.3013 5.46981 0
21 0.798803 -0.0400929 -9.00489 9.04034 0
21 -0.110621 -0.0957421 5.12906 5.13115 0
21 0.986643 0.959598 -1.2583 1.86484 0
21 -0.219417 -0.235188 1.75601 1.78522 0
21 -0.466167 0.676484 -7.45896 7.50406 0
21 -0.147671 0.831771 5.20382 5.27194 0
21 -0.0582652 0.848853 -2.14567 2.30821 0
-2 -0.415693 1.51725 4.56888 4.83213 0
1 0.0125307 0.136358 3.8645 3.86692 0
21 0.266272 -0.162508 0.378015 0.490107 0
21 -1.27793 0.49052 2.26062 2.64274 0
21 0.49095 -0.514684 -1.6308 1.77917 0
21 0.273434 -0.719542 -33.3348 33.3437 0
21 0.0966555 -0.538375 9.89077 9.90588 0
21 -0.348847 0.9556 26.5675 26.587 0
1 -0.505096 -0.166284 -1.52883 1.61867 0
21 -1.10732 -0.499399 -1.87091 2.23066 0
21 -0.589543 0.324779 -1.47746 1.62356 0
21 0.0350167 -0.435463 3.07631 3.10718 0
21 0.0222483 -0.194414 -0.25326 0.320051 0
21 -1.03763 1.08069 31.1061 31.1421 0
21 0.106766 -0.262212 -1.34613 1.37558 0
-1 -1.18508 -1.05797 -16.6514 16.7271 0
21 -0.105698 -0.911288 -8.80431 8.85198 0
3 -0.032643 -0.628151 0.518998 0.815474 0
21 -1.10188 -0.0569068 -6.445 6.53876 0
21 0.399874 -0.344144 -4.40186 4.43337 0
21 -0.617318 0.720811 19.2925 19.3159 0
-2 -2.79152 0.822038 77.9945 78.0488 0
21 -0.968119 -0.577564 -6.16476 6.26699 0
21 -0.108584 -0.199739 0.770098 0.802956 0
21 -0.189069 0.0778485 0.16906 0.265309 0
21 0.380428 0.581868 0.583571 0.907663 0
21 -0.253834 -0.243548 0.19269 0.401095 0
21 0.201822 -1.96841 -0.664435 2.0873 0
21 -2.57278 3.0364 -2.87619 4.91034 0
21 -0.718504 -1.15363 -16.9084 16.9629 0
21 -0.982985 2.3391 103.739 103.77 0
21 0.791286 -1.0859 1.35446 1.90785 0
3 -0.849963 0.192079 -5.25145 5.32326 0
21 0.0351668 -0.0482372 -2.26905 2.26983 0
-1 -0.305332 -0.555473 -3.32368 3.38359 0
21 -1.16174 -1.21747 -4.69602 4.98844 0
21 0.275429 -0.37168 -1.59304 1.65885 0
21 -0.263029 0.460167 -5.30854 5.33494 0
21 0.160849 0.763161 -6.81149 6.856 0
21 -0.0695981 -0.0143898 -1.62908 1.63063 0
21 -0.0620877 -0.266794 0.396231 0.481698 0
-3 0.262019 0.135584 17.9041 17.9065 0
-2 0.887441 1.53314 101.541 101.556 0
3 0.298352 0.788421 2.60352 2.73659 0
21 -0.437109 -0.347823 1.75247 1.83935 0
21 -0.175914 -0.831131 -2.94934 3.06926 0
21 -0.754942 0.166839 -1.70264 1.86996 0
-2 -1.15846 -0.718647 0.77695 1.56912 0
1 -0.648486 -0.46983 -1.02032 1.29705 0
21 -1.90899 0.907178 -0.924154 2.30679 0
-1 -0.486623 -0.0378865 1.31669 1.40425 0
-2 0.19556 0.40954 3.33392 3.36466 0
2 0.017716 -0.278498 -0.149692 0.316674 0
-2 -0.0422558 -0.0738948 -2.42219 2.42369 0
21 -0.376961 -0.82709 3.84881 3.95469 0
21 -0.547711 -0.492027 -0.751133 1.0518 0
21 0.220342 0.36102 -0.297692 0.51721 0
21 0.150396 -0.164079 0.323239 0.392459 0
21 0.188953 -0.225755 1.94294 1.96512 0
21 0.515456 0.150461 1.4461 1.54257 0
21 -0.607637 -0.102081 9.41134 9.43149 0
2 -1.2846 0.126344 40.6403 40.6608 0
21 0.788769 2.28387 -47.1592 47.2211 0
21 -0.224223 -0.680395 2.20064 2.31431 0
2 0.0572521 -0.143195 -0.470598 0.495222 0
1 -0.488041 -0.201855 -10.9053 10.9181 0
1 -2.10669 -0.0333855 -0.243809 2.12101 2
21 0.493353 1.49837 -0.486086 1.65069 2
21 1.44262 -0.434793 0.281993 1.53288 0
21 1.34852 0.212021 -0.59898 1.49072 2
21 -0.351495 0.479454 -0.0939235 0.601869 2
21 -1.6126 0.458707 0.428289 1.73041 0
21 -0.699457 0.563758 1.06798 1.39558 2
21 -0.459159 0.673762 -0.0164411 0.815508 2
-1 -0.63127 0.146973 0.0285473 0.648781 2
21 -3.12515 -0.131213 1.34608 3.40525 2
21 -0.77067 0.305088 -0.157843 0.843756 0
-3 -0.271266 -0.110063 -0.535994 0.610728 2
21 -0.678101 -0.153542 -0.404101 0.804173 0
21 -0.699286 -0.90919 0.0854029 1.15018 2
-1 0.281785 -0.243245 0.537281 0.653637 2
21 0.802493 0.127469 -0.0407771 0.813576 2
21 0.374281 -0.205339 0.203507 0.472933 2
21 -0.633095 0.472878 1.34467 1.55967 2
21 0.409785 0.226118 -0.448454 0.648201 2
-3 -0.0859816 0.141358 0.41035 0.442451 2
21 0.478358 -0.483138 0.437967 0.808742 0
1 -1.65939 0.2102 -0.543139 1.75862 2
21 -0.739542 0.119075 -0.437084 0.867262 0
1 -0.660038 0.257423 0.60208 0.92974 2
21 -0.0748402 -0.51275 -0.0454548 0.520173 2
3 0.394245 -0.277163 0.428682 0.644993 2
21 0.283935 -0.783529 1.53975 1.75082 0
21 -1.59114 0.706663 -1.18192 2.10429 2
-3 -0.409659 -0.471238 -0.9298 1.12001 2
21 -0.540631 0.00362019 0.612762 0.817173 2
21 0.0394295 0.43773 0.283765 0.523149 0
21 0.234744 -0.423464 0.555119 0.736603 2
21 0.191697 -0.335324 -0.12281 0.405305 0
21 0.84939 -0.511717 0.994028 1.40407 2
21 -0.870781 -0.449249 -0.966514 1.37631 2
21 1.33781 -0.222424 -1.47357 2.00266 0
21 1.06225 0.295699 -1.14751 1.59142 2
21 0.0353665 0.85101 -2.65339 2.78675 2
21 -2.16997 0.17269 0.2617 2.1925 2
21 -0.486795 0.413637 -0.173844 0.662033 0
21 -0.601345 -0.221253 0.434657 0.774271 2
21 0.589279 -0.341636 -0.35466 0.767951 0
21 0.498723 -0.308967 0.0535454 0.589111 2
3 -0.523178 0.308233 -0.549138 0.818703 2
21 -0.352895 0.542917 -1.7983 1.91133 0
21 0.210124 -0.556819 -0.571042 0.824796 2
21 -0.41509 0.0825643 0.48275 0.642 2
21 0.100056 -0.335349 0.45528 0.574239 2
-3 0.748229 -0.540419 -4.2543 4.35327 2
21 1.24843 -0.725421 -1.21878 1.8895 2
-2 0.934225 0.143344 0.724909 1.19114 2
21 0.991124 0.150598 0.760248 1.25817 0
3 -0.408243 -0.452103 -2.24621 2.32734 2
21 0.3265 0.364956 -1.66927 1.73962 0
21 0.173094 0.0354045 -0.536521 0.564863 2
-2 -0.599602 -0.862258 -2.61816 2.82095 2
21 -0.6591 -0.172971 -0.034126 0.682272 2
-3 0.564703 0.450547 -0.0865859 0.727584 2
21 0.283785 0.691864 -0.886119 1.15949 2
21 -0.766286 0.304568 -0.788772 1.1411 0
3 -0.452589 -0.497165 -2.13763 2.24087 2
21 -0.0191392 0.0768617 -6.97884 6.97929 2
21 0.169558 0.870656 -1.22072 1.50896 2
21 0.415459 0.452982 -0.515753 0.802371 0
21 0.170385 -0.303235 -0.0308742 0.349193 2
21 0.48055 0.877848 -0.821697 1.29489 2
21 0.572729 -0.349095 0.144025 0.686024 2
2 -0.224552 0.0466469 0.673996 0.711949 0
-1 0.232822 0.00141943 0.699511 0.737241 2
21 0.657501 -0.11678 1.58591 1.72077 0
21 0.5965 0.438264 -0.894622 1.16114 2
21 -0.381834 1.15958 -1.02378 1.59328 2
21 0.212845 -0.191749 0.449252 0.532821 2
21 0.285127 -0.118302 0.420316 0.521497 2
21 -0.143944 -0.290171 1.63557 1.66733 0
1 0.717066 0.71073 -1.2924 1.64001 2
21 0.218303 -0.585913 -1.80346 1.90877 0
21 -0.348474 0.243826 -0.155504 0.452843 2
21 -0.701463 -0.245134 -2.25992 2.37894 0
21 0.0373942 0.657765 1.05159 1.24092 2
21 -0.624626 0.510258 1.51847 1.71938 0
21 1.04047 -0.0995263 -3.0504 3.2245 2
21 0.359042 0.087199 -0.035746 0.371204 2
-2 -0.417803 0.332346 -2.79142 2.84201 2
21 0.206163 -0.0172032 0.0243581 0.208308 2
21 -0.629907 -0.363269 -0.609427 0.948762 2
21 -0.322751 -0.620372 -2.47695 2.57377 0
21 -0.727923 0.870882 -1.07002 1.55989 2
21 0.0450372 0.843228 -2.78074 2.90612 0
3 0.102192 0.142226 -1.24166 1.25395 2
-2 0.790046 -0.394511 -0.22048 0.910177 2
21 0.637205 -0.511108 -0.517816 0.967158 2
21 0.185394 0.161507 0.0808735 0.258836 2
-2 -0.00414379 0.575527 -1.77152 1.86266 2
-1 -0.339681 -1.59121 -7.09699 7.28111 2
21 0.699412 0.0956567 -2.24051 2.34908 0
2 0.31759 0.364034 1.44362 1.52231 2
-3 0.308665 -0.394807 -2.60113 2.64896 2
3 -0.709736 0.833708 -2.95988 3.1559 0
21 -0.545298 0.698898 -1.41315 1.66817 2
21 -0.606781 -0.3741 0.0656917 0.715856 2
21 -0.323903 0.267038 0.360797 0.553531 2
21 0.0479126 0.406292 -0.561564 0.694783 2
21 0.430342 0.976461 -4.95981 5.0733 0
21 -0.264103 -1.23988 -2.05978 2.41862 2
21 0.217716 -0.55579 -1.98409 2.07194 2
21 -0.362611 -0.143218 -0.0450222 0.39246 2
21 -0.500858 -0.461667 -2.45833 2.55096 2
21 -0.624837 -0.998996 -2.53374 2.79432 0
2 0.0711909 1.04903 -0.750899 1.29205 2
21 0.59073 -0.51263 -2.72498 2.83501 0
21 -0.281158 -0.495535 -5.08302 5.11485 2
21 0.975398 -0.321688 -0.930971 1.38621 2
21 0.549234 -0.275429 -1.57213 1.68793 0
21 -1.33681 1.32029 -13.7785 13.9061 2
3 0.484905 1.05364 -4.70036 4.84135 2
21 0.809804 0.0417029 -7.38029 7.4247 0
3 -0.0788822 0.364849 -2.36939 2.39862 2
21 0.402589 0.130297 -0.86734 0.965057 2
21 0.372815 0.659431 -8.12535 8.16058 2
21 0.261586 0.515407 -2.00251 2.08426 0
21 -0.415486 0.717989 -13.748 13.773 2
21 -0.36671 0.652686 9.40216 9.43192 2
21 0.418703 -0.0783024 -1.79007 1.84006 2
21 -0.0530621 -0.370013 -2.42044 2.44914 0
21 0.0969296 -0.167919 -0.0325433 0.196599 2
21 -0.0216645 -0.245926 0.233909 0.340092 2
21 1.05649 0.157307 -3.13649 3.31338 2
21 0.133489 -0.0300063 0.789125 0.800899 2
-1 0.376745 -0.23222 1.0724 1.16013 2
21 0.226075 0.471251 5.40715 5.43235 2
21 0.197996 0.5666 -1.28273 1.4162 2
21 0.457929 -0.502052 -2.18399 2.28726 2
21 -0.180095 0.311629 -1.19797 1.25087 2
21 1.17902 0.996477 -2.5936 3.01825 2
# 1 246
21 -0.578052 0.537299 -4.24972 4.32238 0
1 -1.35049 -2.92854 1.9845 3.78661 0
21 0.867778 -0.604409 0.928849 1.40752 0
21 -0.463498 0.103307 0.226818 0.52626 0
21 0.629041 -0.180629 -0.64447 0.91851 0
21 -1.229 -0.965092 22.5134 22.5675 0
21 0.233343 0.149431 5.38066 5.38779 0
21 -2.0002 -4.06712 -12.4406 13.2405 0
21 -0.399482 -0.308399 -0.254692 0.5653 0
21 -0.517966 0.0269961 -1.40496 1.49764 0
21 0.553529 0.153381 3.57075 3.61665 0
-1 -0.50455 -1.07734 1.94665 2.28138 0
21 2.5848 -1.15498 -4.03002 4.92506 0
21 0.549746 -1.21422 1.19403 1.78949 0
21 0.319298 0.0740195 -0.481803 0.582721 0
21 0.199594 -1.06842 -2.65343 2.86741 0
21 0.494962 -1.45091 5.48084 5.6912 0
21 0.392216 -0.187822 -6.65458 6.66877 0
21 -0.15276 0.0572946 -0.230735 0.282589 0
21 0.874581 0.62132 -32.5118 32.5295 0
21 -0.44632 -0.478802 -33.6908 33.6971 0
3 -0.196665 -0.0675168 -1.85315 1.86478 0
21 0.582806 -0.324755 -2.21264 2.31104 0
21 0.0416535 0.250218 -1.05769 1.08768 0
21 0.0122408 0.37901 -0.30863 0.488929 0
21 0.460402 0.0354572 -0.728033 0.862125 0
21 -0.643287 0.0443006 1.41345 1.55358 0
21 -0.176884 0.171789 -0.325136 0.40806 0
21 0.237181 -0.185098 -4.23044 4.24112 0
21 0.491116 -0.0602539 0.0329023 0.495891 0
21 0.0115671 -0.381642 -0.134771 0.404904 0
21 -0.164597 -0.106832 -3.25388 3.25979 0
21 0.128743 0.505754 0.080937 0.528122 0
21 0.5636 -0.225581 1.30197 1.43655 0
21 -0.921886 -0.461893 0.480123 1.13743 0
21 0.524011 -0.260275 0.0750731 0.589887 0
21 -0.496711 -0.673232 -0.050093 0.838137 0
21 0.609196 0.196925 -2.02662 2.12534 0
21 0.579054 0.164173 1.77874 1.87781 0
21 0.143242 -0.037606 -0.238784 0.280981 0
21 0.132139 -0.817362 1.63747 1.8349 0
21 0.661732 -0.0374813 -0.207584 0.694539 0
21 -0.202925 0.17128 0.474657 0.543888 0
21 -0.256556 -0.432031 -11.8595 11.8702 0
21 0.783499 1.17072 -0.767453 1.6042 0
21 -0.376411 -0.205176 -9.2478 9.25773 0
-2 0.344146 -0.235271 -0.242066 0.482063 0
3 0.85073 0.626276 -3.3315 3.49498 0
2 0.321858 0.467466 -5.98162 6.00849 0
21 -0.280638 0.768765 -1.6767 1.86576 0
21 -2.14148 1.87923 115.053 115.089 0
-2 -0.0144394 0.0493883 -6.4663 6.46651 0
21 -0.335147 0.312579 -1.95854 2.01144 0
21 -0.0419902 -0.129021 1.92291 1.92769 0
21 0.541076 -0.170072 1.40982 1.51963 0
21 -0.0447522 -0.495259 0.118059 0.511099 0
21 0.344344 0.083674 -1.07491 1.13181 0
21 0.0959028 0.518869 -0.846534 0.997518 0
21 0.520851 -0.30142 -4.50296 4.54299 0
2 -0.325345 0.248341 -0.147586 0.435091 0
21 0.50429 0.159746 0.261887 0.590265 0
21 0.145042 -0.522225 0.50238 0.739014 0
2 0.671566 0.944517 11.4736 11.532 0
21 0.0700089 -0.0760543 -2.72003 2.72199 0
21 -0.385731 0.00258048 -0.103694 0.399434 0
21 0.450115 -0.256483 0.733027 0.897616 0
21 0.30402 -0.0790835 1.81705 1.84401 0
21 1.20258 -0.538388 7.3105 7.42829 0
21 0.236533 -0.879645 6.17184 6.2387 0
21 0.32854 -0.932246 1.19382 1.54991 0
21 0.0747568 -0.325016 2.79513 2.81495 0
21 0.942525 0.484908 2.98558 3.16815 0
-1 0.971346 0.062624 2.13034 2.34218 0
21 -0.160202 -0.26496 0.36421 0.478035 0
21 -0.552092 -0.294164 -17.4598 17.471 0
21 -0.484004 0.0673808 -3.16459 3.2021 0
21 0.310475 0.513013 -6.01537 6.04518 0
21 -0.151274 -0.965633 16.8975 16.9258 0
21 -0.52032 -0.0645859 -0.103761 0.534481 0
21 -0.0901579 0.0710862 -2.16897 2.172 0
21 0.0396968 0.7639 1.30283 1.51079 0
21 1.48057 -1.7523 152.065 152.083 0
1 0.0196321 -0.13342 -2.70381 2.70717 0
-3 0.633958 0.665399 -2.5832 2.74182 0
21 0.0202051 0.889489 -0.127692 0.898835 0
-2 0.773721 0.459886 2.02822 2.21897 0
21 -0.107419 -0.573454 -2.34203 2.41361 0
21 0.201104 -0.435242 -8.19094 8.20496 0
21 0.438264 -0.805666 2.5969 2.7541 0
21 -0.775946 0.0754658 -41.7104 41.7177 0
21 -0.0889345 -0.0731609 -2.4964 2.49905 0
21 -0.500199 0.461623 0.648759 0.94031 0
21 -0.648694 -0.554785 3.10769 3.22279 0
21 0.695729 0.915969 41.0581 41.0742 0
21 0.299911 0.668692 3.74968 3.82062 0
21 -0.415145 -0.123309 10.3241 10.3332 0
21 -0.0804678 0.126176 -0.0252168 0.151761 0
21 -0.187003 1.32118 -14.2233 14.2858 0
21 -0.967067 0.19273 -27.2805 27.2983 0
2 -0.810461 0.183821 40.7926 40.801 0
1 -0.515986 0.599442 -39.2657 39.2737 0
21 -1.0384 -0.923026 -0.725127 1.56718 2
21 -0.175911 -0.771877 -0.437245 0.90439 0
21 0.0100145 -0.272296 0.241845 0.364327 2
21 -0.821069 0.1076 0.400005 0.919639 2
1 0.833253 -0.688342 0.546115 1.21094 2
21 1.02501 -0.694068 6.1427 6.26619 2
21 1.60966 0.364091 1.86844 2.49292 0
21 -0.103375 -0.244631 0.541752 0.603346 2
-1 -0.20546 1.11457 2.78939 3.01084 2
21 -0.625782 -0.667223 0.696657 1.14983 2
21 0.47575 -0.355233 -0.120414 0.605829 0
21 0.204408 -0.0568993 -0.801307 0.828923 2
21 0.405506 0.418131 0.42779 0.722684 2
21 0.253381 0.245209 0.556959 0.659191 2
21 0.149088 -0.068591 -0.153667 0.224824 2
21 -0.159176 0.288706 2.60118 2.62199 2
21 0.946325 1.09973 3.097 3.41999 2
21 -1.03435 -1.1671 0.31062 1.59012 2
21 0.41974 0.181348 -0.173393 0.489013 2
21 -0.825706 1.48602 6.58048 6.79652 2
21 -0.873632 -0.232288 0.644696 1.11033 2
21 0.0931512 0.414454 -0.0683611 0.430259 0
21 0.24193 0.0702253 -0.33203 0.41678 0
-1 -0.537631 0.339777 0.419302 0.76178 2
3 0.667259 0.393422 0.193632 0.798442 2
21 -0.0203496 0.704181 -0.0764318 0.708609 0
21 0.183673 -0.196442 -0.736063 0.783654 2
21 1.25054 -0.0873464 -5.13042 5.28135 2
21 -0.251224 -0.811514 0.034975 0.850231 2
21 0.547368 -0.412003 0.101112 0.692519 0
21 0.166134 -0.721855 -0.178925 0.76203 2
21 -0.389193 -0.49456 -0.274309 0.686517 2
21 0.415844 0.418984 -1.76669 1.86271 0
-1 -1.21006 0.534173 -0.966241 1.63805 2
21 0.278323 0.698361 -0.696169 1.02461 0
2 0.90829 -1.14321 -3.80847 4.07877 2
21 0.363018 -0.301373 0.133617 0.490369 2
21 1.21296 -0.0124338 0.95109 1.54142 2
21 -0.299402 1.45975 3.01149 3.36 2
21 -1.73604 -0.44558 1.74695 2.50284 2
21 -1.01171 -0.0369764 0.408932 1.09185 0
21 0.868179 -0.49218 -1.18902 1.55234 2
21 0.788891 -0.00348647 -2.62862 2.74445 0
1 -0.313792 -0.0564366 0.210082 0.381818 2
21 0.44037 -0.286189 -0.227214 0.572238 2
21 -1.31911 -0.818695 -2.72862 3.13937 2
-3 0.625844 -0.52255 -0.0826597 0.819494 2
1 -0.716944 -0.127764 -0.227349 0.762903 0
21 -0.510058 0.0146425 -0.718626 0.881361 2
-3 -0.171269 -0.308389 0.140383 0.379663 2
21 -0.795241 1.57192 -1.63395 2.40273 2
21 -0.371975 0.173485 -2.0045 2.04609 2
21 -0.0159196 0.0179766 0.138634 0.140698 2
3 -0.0290944 0.587117 -0.347295 0.682765 2
2 -0.272524 -0.151986 -0.0351562 0.314014 2
21 1.57735 0.71317 0.332566 1.76273 0
-3 0.540197 1.25394 -0.439308 1.43428 2
21 -0.0529125 0.798909 -0.527609 0.958868 0
1 -0.0966535 0.4416 0.746964 0.873102 2
21 0.311492 0.400428 0.178656 0.537855 0
21 0.326102 -1.24504 -3.85316 4.06243 2
21 0.436268 -0.893859 -1.97497 2.21129 2
21 -0.0257555 0.61891 0.610996 0.870074 2
21 0.267275 0.190614 0.84329 0.904936 0
21 -0.713323 -0.865293 -3.11869 3.31418 2
-2 -0.495001 0.0727944 -0.26431 0.565848 2
21 -0.763013 0.226288 -1.93631 2.09349 2
21 -0.264065 -0.857534 -2.08393 2.26889 2
21 0.610484 -0.13094 -2.19944 2.28635 0
21 0.244388 -0.0782295 0.50681 0.568069 2
21 1.28496 -1.34912 -3.56285 4.02059 2
3 0.637191 -1.68582 -0.617234 1.90499 2
21 0.905745 1.75766 3.84915 4.32732 2
21 0.364312 1.25748 1.18709 1.76725 0
-3 0.0880019 -0.35439 0.414328 0.552272 2
21 0.0531823 0.659129 -1.29841 1.4571 2
21 0.0152513 0.471028 -0.926605 1.03957 2
21 -0.785988 0.373742 -0.401525 0.958479 2
21 -0.834916 0.503422 -0.995635 1.39349 2
21 1.0137 0.000362403 -1.52279 1.82934 2
21 0.0214773 1.02491 -0.678943 1.22958 2
21 1.56061 -1.00128 0.0453166 1.85476 2
21 -0.518612 0.138093 1.10546 1.22885 2
21 -0.0810879 -0.858887 1.02302 1.33822 0
21 0.471668 0.223147 0.088152 0.529184 2
21 0.893273 0.788527 -0.994793 1.5522 0
2 -3.15867 -1.90163 -6.20978 7.22183 2
21 0.224365 -0.575384 -4.74019 4.78025 0
21 0.154147 -0.00798728 0.652128 0.670146 2
-1 1.06346 1.02948 -1.7854 2.31914 2
21 0.713091 0.543459 -2.51984 2.67459 0
-1 0.129019 0.0451086 2.33665 2.34065 2
21 0.391294 0.696734 1.31482 1.5386 0
2 1.08763 0.00843623 2.14451 2.40457 2
21 0.422004 1.22384 2.90103 3.17677 2
21 -0.587888 0.403427 2.49748 2.59727 2
-3 -0.19737 -0.545069 1.07695 1.22306 0
21 0.0101626 0.037931 0.0300602 0.0494536 2
21 0.150616 -1.06819 -0.774589 1.32804 2
21 -0.733624 -0.6937 -1.85668 2.11346 2
21 1.17951 1.34115 -1.02391 2.05872 2
21 -0.510997 0.412246 -0.438882 0.789736 2
21 -0.251452 -0.0260833 0.656083 0.703102 0
-2 0.276897 0.60474 -1.86725 1.98217 2
21 -0.457104 0.291286 0.63169 0.83236 2
21 -0.641708 0.570915 4.93437 5.00856 0
21 -0.655213 -0.0733225 -1.39861 1.54621 2
21 0.0617506 -1.31282 -0.242637 1.33648 2
21 0.778738 -0.570091 -7.70098 7.76122 2
2 -0.46974 0.434023 -0.198397 0.669622 2
-3 0.228628 -0.062075 -0.840675 0.873417 0
21 -0.225818 -0.560523 -1.83361 1.93062 2
21 -0.22727 0.4109 -3.49069 3.52213 2
21 -0.443545 -0.890103 -2.47928 2.6713 2
21 0.253945 -1.24909 0.291479 1.30755 2
21 -0.11943 -0.446522 -0.746715 0.878196 0
21 -0.179601 -0.174472 0.158388 0.296283 2
21 0.630006 0.345757 1.2097 1.40706 0
3 0.0450114 0.373153 -0.0577331 0.380266 2
-3 0.914647 -0.587519 -1.5392 1.88439 0
21 -0.466401 -0.710418 2.01856 2.19016 2
21 -0.331524 0.370702 1.76929 1.83785 2
2 -0.384533 -1.0797 4.67645 4.81485 2
21 -0.140877 -0.793374 3.32729 3.42347 0
21 1.01922 -0.252414 -0.283865 1.08771 2
-2 0.414777 0.230582 0.561593 0.735251 2
21 0.509196 -0.808376 0.445308 1.05406 2
21 0.47704 -0.485117 0.965637 1.18125 0
-1 -0.443023 -1.2803 -3.68765 3.92864 2
21 0.223787 -1.20378 2.97809 3.21997 2
21 0.329589 1.2494 -4.27408 4.46513 2
21 0.00801212 0.132874 -0.797632 0.808664 2
21 -0.0792006 0.0276659 -0.775521 0.780045 0
21 -1.08131 0.604087 0.999885 1.59183 2
21 -0.354081 -0.305611 1.18125 1.27048 2
-3 0.326441 -0.391111 4.86636 4.89295 2
21 0.683742 -0.178605 -1.97096 2.09382 2
21 0.861251 0.276146 13.935 13.9643 2
21 -0.968152 -0.405037 -1.35924 1.71724 2
21 -0.50835 -0.0405613 -3.64462 3.68012 0
21 -0.646025 -0.155406 1.40806 1.55696 2
21 0.346119 0.0112662 -0.221929 0.411312 2
21 -0.35749 0.139289 -0.0159274 0.383997 2
21 1.13288 -0.206702 5.43896 5.55953 2
21 0.341271 0.518365 5.4037 5.43922 0
21 0.268924 -0.396413 -0.335253 0.584686 2
21 -1.5323 -2.52725 -7.29753 7.87331 0
3 0.16195 0.398987 0.444183 0.618642 2
3 0.191445 -1.14353 2.61208 2.85785 2
21 0.547029 -0.217514 -0.653387 0.87947 2
21 -0.119254 -0.168533 -0.146663 0.253249 2
-2 0.537355 -0.392766 -2.51706 2.60357 2
21 -0.966314 -1.25055 -3.86748 4.17793 0
-3 0.200381 -2.92095 -8.60685 9.0912 2
21 -0.404607 -0.131718 -1.01097 1.09686 2
1 0.159171 0.476446 -2.43262 2.48395 2
21 0.421006 0.739237 -1.2988 1.55261 0
21 0.40934 0.30254 -5.07579 5.10125 2
3 -0.530817 0.157111 -1.00631 1.14852 2
21 0.00282943 0.533161 -2.38212 2.44106 0
21 0.144963 0.167768 0.253694 0.336929 2
21 0.453903 0.297588 -0.492119 0.732644 0
-2 0.113701 -0.43805 -6.20492 6.2214 2
21 -0.12332 -0.334872 -0.652655 0.743845 2
21 0.0206622 -1.16807 -8.72175 8.79965 2
21 -0.617099 -0.509691 -8.08087 8.12041 0
21 -0.114361 0.306843 -0.0700165 0.334863 2
21 -0.360205 0.478178 -0.865462 1.05234 0
21 -1.01955 0.0996137 6.15508 6.23975 2
21 -0.556277 -0.200613 6.35056 6.37803 0
-2 0.632034 0.560955 -1.4715 1.69689 2
21 -0.0295387 -0.444442 -0.841204 0.951854 2
# 2 273
-2 4.76753 1.38188 -1.8796 5.30772 0
1 -5.86434 -13.3848 -25.3752 29.2822 0
21 -0.3322 0.233109 -0.0888412 0.415439 0
21 0.899543 -0.208421 -0.425198 1.01657 0
21 0.703335 0.168695 -6.18715 6.22928 0
21 0.546405 -0.534588 -0.114386 0.772934 0
-1 -0.575312 -0.0758479 1.49743 1.60594 0
3 1.08691 -0.415497 -0.199343 1.18057 0
21 0.0284831 -1.01665 -1.16443 1.54605 0
21 -0.351374 -0.247927 -1.95313 1.99991 0
-3 -0.0775262 0.349257 -0.941574 1.00725 0
21 -0.313215 -0.560986 -4.54819 4.59335 0
21 -0.730025 -0.291256 -0.272329 0.831823 0
-2 -2.25342 -1.06668 -0.875409 2.64236 0
21 -0.674199 0.720997 -0.0281943 0.98751 0
21 0.456975 -0.387381 1.58614 1.6955 0
21 2.41011 1.748 0.736966 3.06713 0
21 -0.464397 -0.0792413 -0.679311 0.826684 0
21 -1.44382 -0.0909656 -1.57173 2.13617 0
21 -0.554353 -0.482507 -1.35958 1.5455 0
-2 -0.973314 1.33318 -10.3431 10.474 0
-1 -0.187793 0.517459 -3.31801 3.36337 0
21 0.373798 -0.441487 -7.18962 7.21285 0
21 0.431344 -0.172414 -2.08349 2.13465 0
21 -0.344985 -0.211846 -0.731866 0.836374 0
1 0.593536 -0.0250816 9.79647 9.81447 0
21 -0.0464154 0.101277 -0.386397 0.402137 0
21 -0.744926 -0.256814 -28.4558 28.4667 0
21 0.394836 0.916811 -39.9446 39.957 0
21 -0.161341 0.208726 0.808374 0.850333 0
21 -0.225133 0.380153 -18.4115 18.4168 0
21 0.445303 -0.383049 -1.833 1.92482 0
21 -0.0731527 0.360734 4.18372 4.19988 0
21 0.466069 -0.20402 -6.82005 6.839 0
21 -0.536613 0.186584 -1.06379 1.206 0
21 0.0650532 -0.713295 2.47422 2.57581 0
21 -0.600941 -0.253918 -0.336575 0.734089 0
-1 -0.0841877 -0.881389 49.2672 49.2751 0
2 0.943532 -0.0218027 0.340386 1.00329 2
21 1.04048 0.247293 -0.327022 1.11835 2
21 -0.0620179 0.605043 -0.690913 0.92048 2
21 -0.482652 -0.527299 0.443694 0.841346 2
21 0.127505 0.852264 0.608869 1.05515 0
1 0.475727 0.329655 -0.827922 1.01017 2
21 1.06256 -0.504329 0.302046 1.21434 0
21 0.0228045 0.340975 -0.418863 0.540584 2
-1 -0.908998 -0.08861 0.451809 1.01895 2
21 -0.687806 0.161902 -0.138366 0.720024 2
21 0.315005 -0.431272 0.113132 0.545914 2
21 0.341277 0.446658 -0.50948 0.758646 0
21 0.217271 0.609224 -0.503009 0.819377 2
21 -0.245249 0.583886 -0.459583 0.782487 0
3 0.763796 0.683924 -0.0825342 1.02857 2
21 0.767513 0.981737 0.994175 1.59414 0
21 0.557008 1.24007 0.14099 1.36671 2
21 0.796323 -0.031008 0.119665 0.805861 0
21 0.709957 0.219898 0.236285 0.779888 0
-2 1.51059 -0.86353 -0.857316 1.93973 2
21 0.644454 -0.449349 0.262101 0.828211 2
21 0.650101 -1.04476 1.83379 2.20838 2
21 -0.793239 0.950104 -1.27888 1.77974 2
21 0.600374 -0.0547157 -0.0973869 0.610678 2
21 -1.14832 -0.416219 -0.294001 1.25631 2
21 -0.632779 -0.632209 -0.830826 1.22081 0
21 -0.661734 -0.145386 0.080338 0.682263 2
21 0.491332 -0.0848309 0.641214 0.812256 2
21 0.662086 0.088144 -0.165178 0.688048 0
21 -0.377887 -1.32733 -1.67918 2.17353 2
21 0.953951 -0.427239 -2.78528 2.97496 0
2 -0.792719 0.48839 2.78998 2.94125 2
21 0.711086 1.2272 1.1282 1.81232 0
1 -1.27461 -0.510389 -1.91807 2.35883 2
-1 -0.0867867 -0.0530221 -0.184162 0.210378 0
-3 0.0112688 0.914943 -0.692717 1.14765 2
21 0.0793546 -0.74599 -0.879068 1.15566 0
21 1.61956 0.966622 1.33878 2.31294 2
21 -0.152666 0.480138 -0.484083 0.698696 2
21 -0.100681 0.540632 -0.558361 0.783701 0
21 1.06145 -0.307814 -0.194985 1.12225 2
2 0.0840087 -0.914818 -2.22566 2.40781 2
21 -0.686609 -0.597827 -1.17662 1.4877 0
21 0.187853 0.502487 -0.50803 0.738835 2
21 -0.829818 0.560554 -1.32386 1.65995 2
21 -0.713204 -0.0884422 -0.0225363 0.71902 0
21 0.9237 -1.00211 1.43223 1.97705 2
21 -0.00109776 -0.323396 0.103413 0.339529 2
3 -0.750064 -0.0312455 -0.640407 0.98676 2
21 0.107665 -0.197125 -0.530825 0.57639 0
-1 0.142976 0.552522 -0.118469 0.582888 2
21 -0.231368 -0.669142 -0.0552809 0.710168 2
-3 0.762829 -0.117388 0.947005 1.22168 2
21 -1.19617 -0.385764 -2.87771 3.1402 2
21 -0.151541 -1.6225 -0.775947 1.80487 2
1 0.17673 -0.664347 -0.690707 0.974508 2
-2 0.211907 0.0646584 0.367492 0.42911 2
21 0.0339212 0.863157 -0.678392 1.09837 2
1 -0.183588 0.717987 2.93444 3.02658 2
21 -0.443353 -0.0869435 0.136894 0.472081 2
21 -0.150206 0.473751 0.896171 1.02476 0
1 0.290177 0.324423 -0.836503 0.942969 2
21 0.369565 0.446733 -1.51452 1.6217 0
21 0.180283 0.258149 0.449094 0.548478 2
21 0.453385 0.034984 -0.564154 0.724605 0
21 -0.0662854 -0.0480848 -0.181418 0.199044 2
21 -0.196219 0.909265 0.959038 1.33605 2
21 0.265214 -0.433194 -1.27257 1.3702 2
-3 0.141251 -0.107861 0.0495291 0.184497 2
21 -0.171699 -0.609242 -0.992607 1.17725 2
21 -0.317061 -0.726076 -0.758418 1.09677 0
-2 -0.408498 0.727104 -0.0585795 0.836052 2
21 -0.927301 -0.173432 -0.154514 0.95595 0
21 -0.0981342 0.00638004 0.360162 0.373346 2
21 0.648412 0.275208 0.046783 0.705951 0
21 0.141424 0.511343 1.8619 1.93601 2
21 0.45939 -0.152784 1.36305 1.44647 0
21 -0.719768 -0.343001 -0.699829 1.06089 2
21 -0.337691 -0.39689 -1.31537 1.41483 2
21 -0.348873 -0.352045 1.65122 1.724 2
3 0.466079 0.259322 -10.3901 10.4038 2
21 0.306132 0.274243 0.491311 0.640556 2
21 0.0780156 -0.0135003 -5.05286 5.05348 2
21 -1.13075 1.58506 -7.02361 7.28849 0
21 -0.39091 0.502627 -2.14393 2.23649 2
21 -0.246953 -1.31437 -10.2924 10.3789 2
21 0.118403 -0.233999 0.107539 0.283442 2
21 0.380049 0.107276 -1.2114 1.27414 2
21 -0.323091 -0.313534 -4.01562 4.04078 0
21 -0.714741 -0.546943 -2.70093 2.84693 2
21 0.15582 0.2124 0.0289731 0.265015 2
21 0.102276 -1.63071 2.14029 2.69268 2
21 -0.208825 -0.715326 1.58591 1.75225 0
21 0.40576 0.182663 -0.124027 0.461941 2
21 -0.118241 -0.0993362 -0.0373611 0.158885 2
21 -0.433895 -0.0113725 6.06918 6.08468 2
-3 0.472057 0.112304 1.16299 1.26016 2
-1 -0.768045 -1.32923 -3.83203 4.12809 2
-3 -0.228823 -0.474391 -1.1172 1.23513 2
21 0.0688093 0.708042 -1.66122 1.80713 0
21 0.77491 0.0176148 3.95612 4.03134 2
21 0.411531 0.326876 2.09723 2.16208 0
21 -0.516453 0.0319568 -0.293183 0.594727 2
21 -0.148295 0.13964 -0.818677 0.843637 0
21 -0.258315 -0.217297 -0.629216 0.714043 2
21 0.538043 0.388731 -4.7305 4.77684 0
21 0.285859 0.641111 0.941798 1.17462 2
21 -0.0106241 0.0718814 1.63082 1.63243 2
-1 0.035724 -0.111869 0.106804 0.158739 2
# 3 147
21 -0.0723172 0.465135 9.40694 9.41871 0
21 -0.713956 0.166572 4.80506 4.86067 0
21 0.295373 0.141848 5.60325 5.61282 0
21 0.119926 0.18351 -2.54024 2.54969 0
21 -0.176543 -0.463495 2.40339 2.45404 0
-2 2.33833 1.14494 14.4402 14.6731 0
21 -0.213267 0.035419 1.16497 1.18486 0
21 -0.513424 -0.128839 2.37295 2.43127 0
21 -4.38039 1.37544 12.3171 13.145 0
21 0.139533 -1.36812 17.2106 17.2654 0
21 0.672583 0.755234 3.28087 3.4332 0
21 -0.240515 0.0115365 0.684829 0.725927 0
21 -0.652154 0.466434 0.61502 1.0105 0
21 -0.256625 0.819767 5.18367 5.25436 0
21 -0.473003 -0.4942 5.77163 5.81203 0
-2 -0.757642 0.0931875 -1.43032 1.62127 0
21 0.524837 0.73491 -3.15364 3.28039 0
21 0.949622 0.923699 8.36997 8.47416 0
21 -0.492285 0.0467935 11.5063 11.517 0
3 -0.511672 -0.116242 11.5707 11.5826 0
21 -0.630631 0.664771 -2.18893 2.37298 0
-2 -0.213597 -0.291448 11.1192 11.1251 0
21 1.82886 0.401904 7.79696 8.01866 0
-1 4.07353 -0.0353853 26.1524 26.4678 0
21 2.47147 -0.133601 14.0926 14.3083 0
3 -0.584436 0.588496 5.39314 5.45654 0
21 -0.314458 -0.530166 21.2333 21.2423 0
21 -0.804959 -0.359273 -4.74613 4.8273 0
21 0.150084 0.0591696 2.33451 2.34008 0
21 0.272074 0.533943 1.07511 1.23085 0
21 0.550046 0.318325 12.3198 12.3362 0
1 -0.565208 0.614229 -5.40098 5.4651 0
1 -0.0682863 0.00370509 0.570563 0.574647 0
21 -0.135263 0.235325 -1.74609 1.76706 0
21 0.770352 0.918572 3.42579 3.62949 0
21 3.07007 0.679467 6.87681 7.56158 0
-3 0.33206 0.753209 5.62787 5.68775 0
21 -0.894313 -0.833861 42.2622 42.2799 0
21 0.822258 0.430769 16.9369 16.9623 0
21 -0.0495526 0.039966 4.27696 4.27744 0
21 0.718254 0.860721 5.14933 5.26995 0
21 -0.427219 1.80592 7.62818 7.85067 0
21 0.220418 0.0434531 0.110457 0.250346 0
21 0.40717 -0.136438 -2.34525 2.38424 0
21 -0.0959562 0.0358894 0.00951705 0.102889 0
21 2.76113 1.2157 11.8707 12.2481 0
21 0.30425 0.173732 0.345659 0.49217 0
21 0.0288706 -0.347129 -2.85838 2.87952 0
21 0.0830364 -0.0517062 0.346446 0.359991 0
21 0.482268 0.0403712 -0.335207 0.588707 0
21 0.0285139 -0.418242 -0.182206 0.457098 0
2 -0.459145 -0.0941512 3.78927 3.81815 0
21 0.274233 0.0594489 4.18478 4.19418 0
21 -0.170566 0.383839 -2.29136 2.32954 0
21 0.411954 0.934539 -0.721785 1.25062 0
21 0.281648 -0.392921 0.0489662 0.485911 0
21 -0.382097 -1.12022 -1.26427 1.73184 0
21 0.839761 1.2664 -5.4401 5.64833 0
-3 1.31594 1.13572 70.7611 70.7824 0
21 1.97871 0.226012 -54.0266 54.0633 0
3 0.045374 0.472029 4.64329 4.66744 0
21 -1.51716 -1.76971 -1.84312 2.97166 0
21 -0.661261 1.05326 -1.10963 1.6667 0
21 -0.141504 0.557468 7.52272 7.54467 0
21 0.393035 -0.339286 -0.0967493 0.528159 0
21 0.119628 -0.254536 0.0422732 0.284405 0
21 0.0244651 0.224572 -0.00787207 0.226038 0
21 -0.21695 1.05579 -4.94269 5.05885 0
21 0.511954 -1.29556 22.7542 22.7968 0
21 0.0169891 -0.185888 -11.0239 11.0254 0
21 -0.0745931 -0.159195 -1.10889 1.12274 0
21 2.81793 1.7264 -27.7133 27.9096 0
21 -0.543077 0.163952 11.9314 11.9449 0
21 -0.260123 -0.678452 4.5478 4.60548 0
21 -0.0449003 -0.226817 -0.840395 0.871622 0
21 0.33071 2.91376 -12.4996 12.8389 0
21 0.979548 0.627818 37.881 37.8989 0
21 1.83316 -0.903183 17.1008 17.2224 0
21 -0.0680077 1.57634 -3.30349 3.66094 0
21 0.187494 -0.403772 1.98564 2.03493 0
21 -0.465357 -0.269568 -2.77745 2.82904 0
21 1.22786 2.58124 29.568 29.7058 0
21 -1.7318 -0.253294 15.3397 15.4392 0
21 -0.275071 0.582686 10.6533 10.6728 0
21 0.269041 -0.411401 1.91559 1.97766 0
21 0.240782 0.738918 -26.4633 26.4747 0
2 -0.532277 -0.183601 2.47641 2.53961 0
2 -0.143675 1.45812 32.5722 32.6052 0
21 -0.332576 0.119441 0.0984037 0.366819 0
21 -2.18192 -0.762652 72.4549 72.4918 0
21 0.943733 1.27239 16.5577 16.6333 0
21 -0.137232 0.25539 14.9484 14.9512 0
21 -0.168632 -0.777179 31.4803 31.4904 0
21 -0.230146 0.129368 -4.90302 4.91012 0
21 0.966431 -0.310942 1.57544 1.87422 0
2 0.0231061 -0.317415 -5.82733 5.83602 0
21 1.39988 -0.300193 -0.00846691 1.43173 0
21 -1.22155 0.151414 49.9605 49.9756 0
-1 -0.526127 0.208233 -2.90525 2.95984 0
21 -0.395903 -0.419918 15.2027 15.2137 0
1 -0.432171 -0.369827 -5.10695 5.13853 0
21 -0.000645306 0.0157066 0.0328211 0.0363915 0
21 -0.568251 0.331301 0.29441 0.720657 0
21 0.480777 0.166002 3.30326 3.34219 0
21 0.593289 0.0912123 13.0382 13.052 0
21 -0.132257 -0.444636 0.932323 1.04135 0
-2 -0.571892 -1.16547 15.2216 15.2768 0
21 0.514547 0.14228 4.94032 4.96908 0
2 1.05252 0.371204 45.7371 45.7507 0
2 -0.0957932 1.07562 -0.227497 1.10358 2
1 0.385816 -1.49642 1.93235 2.47429 2
21 1.88176 0.797715 3.55468 4.10038 2
21 -1.27978 -1.04015 1.05593 1.95825 0
21 -0.614665 -0.143786 0.290764 0.695004 2
21 -1.44529 0.594324 1.79781 2.38206 2
21 1.32059 -0.701007 3.36725 3.68426 2
21 -0.475471 -0.575432 0.64003 0.983277 0
3 0.0042822 0.929374 -2.9951 3.13598 2
21 -0.973477 -0.433008 -1.48979 1.83157 0
21 -0.314938 1.45847 1.38293 2.0344 2
2 -0.0730259 1.74172 0.272984 1.7645 2
-2 -0.43781 0.633516 1.93454 2.08217 2
21 -0.401854 1.61367 3.89929 4.23909 2
21 0.50805 -0.903172 0.0592701 1.03795 2
21 0.288263 -1.11836 2.58018 2.82687 0
21 0.593357 -1.13626 -1.36482 1.8724 2
21 -0.169906 -0.698104 1.49666 1.66018 2
21 -1.25216 -0.402428 2.40052 2.73721 0
21 -0.621361 -0.315306 -0.0557075 0.699007 2
21 0.440786 0.0727938 7.64837 7.66141 2
-1 0.364272 -0.853763 -0.93234 1.31562 2
21 -0.128319 0.842701 4.1104 4.19785 2
21 -0.557035 -1.07968 1.28412 1.76776 0
2 -0.653373 0.00384875 8.09276 8.11909 2
-3 1.14874 -1.01175 6.61915 6.79385 2
21 0.774258 -1.00769 9.65977 9.743 2
21 -1.89097 0.263079 10.2966 10.4721 0
21 -0.349122 0.678744 1.92037 2.0665 2
21 1.13315 0.468548 2.90837 3.1563 0
21 -0.0140929 -0.0506238 0.0865246 0.101232 2
21 0.0109231 -0.941223 -2.04046 2.24711 0
21 1.19005 0.522125 -1.61645 2.07407 2
-1 -0.111902 0.0584686 -0.319915 0.343928 2
21 -0.741904 0.375428 1.18995 1.45167 2
21 0.460568 1.71638 -4.01516 4.39085 2
21 1.58992 -0.486674 1.55117 2.27395 2
21 -0.913893 1.05516 3.86243 4.10694 2
21 -0.0698108 0.459655 -2.41343 2.45781 2
21 2.10441 -0.007945 4.49375 4.9621 2
21 0.203226 0.129478 0.0360675 0.243652 2
21 0.539976 -0.682417 6.63987 6.69666 2
21 -1.00277 0.561381 -0.478923 1.24501 2
21 -0.693745 -0.169752 -0.55272 0.903104 2
21 0.760974 -0.923126 3.94263 4.12015 2
21 -0.0256547 -0.516356 0.10759 0.528069 2
21 1.10933 -0.480003 2.78925 3.03989 2
-3 0.178976 -0.558196 9.13874 9.15752 0
21 0.114752 -1.25118 6.37964 6.50219 2
21 -0.556137 -0.3982 -0.802546 1.05448 2
21 -0.0237691 1.00594 0.980095 1.40466 2
2 0.55366 0.966012 1.78545 2.10418 2
21 -0.126693 -0.287554 -3.85121 3.864 2
21 1.28578 0.219774 4.00333 4.21048 2
21 0.964683 0.130356 3.95114 4.06929 0
21 -0.059751 -0.189227 7.48263 7.48526 2
21 -1.04075 0.423106 2.65593 2.88377 0
21 -0.234549 -0.355467 0.253583 0.495656 2
21 0.104885 -0.131356 1.82257 1.83031 2
21 -0.142284 -0.182278 0.0891701 0.247834 2
21 0.585065 -0.41742 4.71002 4.76454 2
-3 2.26895 1.38108 -3.51455 4.40541 2
21 0.678398 -0.0339469 -6.20586 6.24292 0
21 -0.645247 0.130001 1.28817 1.44659 2
21 -0.123168 1.63487 3.55825 3.9178 2
21 0.763963 -0.449699 3.21964 3.33945 2
-1 -0.786164 0.608325 -3.22346 3.37325 2
21 -0.764131 0.259924 -2.50078 2.6278 0
2 -0.943352 -0.34351 0.37722 1.07248 2
21 0.536849 -0.32975 0.657855 0.910887 2
21 0.0281605 -0.569673 0.295596 0.642416 2
21 0.020962 -0.899311 1.24343 1.53471 0
21 0.118341 -0.301567 0.17978 0.370497 2
21 0.307888 -0.498853 5.59937 5.62998 0
21 0.22003 -1.01758 1.74766 2.03425 2
21 0.476665 -0.441794 1.55707 1.68727 2
-2 0.327016 1.20109 -1.10777 1.66635 2
21 -1.02726 -0.921442 -3.27506 3.55392 0
21 0.106727 0.843043 5.59315 5.65734 2
21 -0.121668 -0.414746 0.148174 0.456917 2
21 0.389169 -1.27951 4.46184 4.65797 0
2 1.50511 0.639044 13.4276 13.5268 2
21 0.488963 0.0868911 0.0165566 0.496899 2
21 -0.478314 0.494272 -0.585699 0.9034 0
21 -0.101733 -0.0399747 -0.103059 0.150229 2
21 -0.786755 -0.848973 3.93101 4.09787 0
21 0.295524 -0.0861315 0.0166074 0.308268 2
21 0.254322 -0.0826402 1.01101 1.04578 2
21 -0.660974 0.117506 1.92201 2.03588 0
21 0.584183 0.285446 0.730626 0.978041 2
21 -0.506649 -0.878077 1.66681 1.95089 2
21 -0.71884 -0.0187426 0.298058 0.778409 0
21 0.0553412 0.0282842 4.80262 4.80302 2
21 -0.0512429 -0.496512 0.0341385 0.500316 2
21 0.774821 -0.226239 -0.674327 1.05178 2
3 -0.240247 0.215737 -0.61868 0.697873 2
-3 0.333768 0.0776947 0.0488504 0.346156 2
21 0.811768 -0.0659461 2.95806 3.06813 0
-1 0.36536 0.113102 0.336069 0.509139 2
-2 0.614328 -0.29557 -0.470606 0.82839 2
21 -0.607111 -0.208469 -0.560147 0.851943 0
21 -0.724865 -0.287142 2.77736 2.88472 2
21 -0.533963 0.159794 0.843577 1.01108 0
21 1.15262 0.579552 -1.87124 2.27288 2
-3 -0.585752 -0.436596 0.384352 0.825499 2
21 -0.425996 -0.44415 2.34152 2.42104 0
21 1.32701 0.596106 8.87485 8.99329 2
21 0.584602 0.548384 3.00263 3.10778 0
-2 -0.00822212 0.73241 1.34179 1.52869 2
21 -0.039601 1.47204 4.60798 4.83755 2
21 -0.98259 0.458754 2.77119 2.97581 0
3 0.246164 0.713132 2.52161 2.63204 2
21 -0.753121 -0.556501 9.6662 9.71145 0
-1 0.259257 -1.04287 13.0339 13.0781 2
21 1.29368 1.26178 5.48344 5.77355 0
1 0.239421 0.665887 -1.7151 1.85534 2
21 0.260304 0.332906 -4.70285 4.7218 0
21 0.0164352 -1.01719 -4.66769 4.77727 2
2 -0.525518 0.43203 0.93283 1.15455 2
21 -0.646694 -0.0778593 8.43013 8.45526 2
21 0.111416 0.998186 3.9264 4.05283 0
21 0.162083 0.705843 6.54091 6.58088 2
21 -0.243683 0.934829 4.8955 4.98991 0
21 -0.924881 -0.441186 -11.2847 11.3311 2
21 -0.809164 0.000829746 8.39294 8.43186 2
21 0.862572 0.554786 -0.692487 1.23748 2
21 0.605727 -0.855028 4.45094 4.57262 2
21 -0.103078 0.232795 -0.171235 0.306822 2
-2 0.258777 -0.26295 1.36718 1.41608 2
21 0.214536 -0.855994 7.98131 8.02995 2
2 -0.191517 0.275584 0.338689 0.476797 2
21 -0.596217 -1.03109 3.94411 4.12003 0
21 -0.108594 0.932911 -1.0382 1.39999 2
21 0.887654 0.245889 3.07609 3.21103 2
21 -0.744088 0.358701 9.74269 9.77765 2
21 -0.375804 -0.686926 5.27758 5.33535 0
21 1.17644 -0.612295 -4.72288 4.90556 2
21 0.482013 -0.711373 -0.395017 0.945741 2
21 0.0123429 -0.285097 3.94741 3.95771 2
21 0.430887 -0.431228 2.37063 2.44776 2
3 -0.0829611 0.763565 1.00712 1.26657 2
21 -0.00810163 0.439017 5.38512 5.40299 2
21 0.110463 -0.0555147 -0.00357256 0.12368 2
21 -0.0311767 -0.418506 0.867655 0.963818 0
2 0.22775 0.747214 -2.58824 2.70355 2
2 -0.323893 -0.602456 -1.46756 1.61913 0
-3 0.932873 -0.480694 1.33435 1.69759 2
21 -0.768846 0.167982 1.27978 1.50239 2
-1 -0.130269 -0.128845 4.01815 4.02233 2
21 -0.60412 0.190872 1.86495 1.96963 0
21 0.494997 -0.016582 0.256156 0.557595 2
-1 -0.754324 -0.954187 -2.20406 2.51741 2
21 0.0202076 -0.878369 -1.39551 1.64906 0
21 -0.223373 -0.000466842 0.0598137 0.231243 2
21 -0.29688 -0.236523 1.62935 1.67298 0
21 0.031775 0.540574 0.516781 0.748527 2
21 -0.220237 0.562171 1.7511 1.85227 0
21 -0.152246 -0.360396 -0.310719 0.49961 2
21 0.856407 -0.90353 9.89726 9.97525 2
-1 0.0513406 0.0442572 0.0786592 0.103836 2
21 -0.253618 -0.39825 9.49228 9.50401 2
21 -1.27211 -0.192232 11.0827 11.1571 2
-2 0.217366 -0.0259959 11.1762 11.1783 0
21 -0.111972 -0.050295 -0.839607 0.848532 2
-1 0.278666 0.745718 1.63697 1.82028 2
21 0.6765 0.0970134 2.8596 2.94013 0
3 0.43834 1.05786 4.77674 4.91207 2
21 0.20995 0.796361 5.52649 5.58752 0
21 -0.00597981 0.582764 3.87686 3.92042 2
21 0.810749 -0.277523 3.25829 3.36909 2
21 -0.101872 0.0209885 0.910926 0.916845 2
21 0.849919 0.276748 4.13794 4.23338 0
21 -0.477134 0.315429 4.66773 4.70265 2
21 -0.487065 -0.0729666 8.07185 8.08686 0
21 -0.495638 0.530706 -2.69718 2.79323 2
21 -0.886516 0.715991 10.242 10.3052 2
21 0.0130616 -0.151194 1.21047 1.21994 2
21 -0.152827 0.595186 2.32509 2.40492 0
21 0.215199 -0.0265521 0.783955 0.813388 2
1 0.753974 -0.297048 -3.42353 3.51813 2
-1 0.533947 -0.226921 5.29985 5.33151 2
-1 -0.0105189 -0.021417 2.64986 2.64997 2
21 -1.24943 -0.713988 4.21284 4.45184 0
21 -0.0794787 0.546491 2.63811 2.69529 2
21 -0.0462386 0.42207 1.50471 1.56347 2
21 0.935264 0.0359653 2.27311 2.45826 2
21 -0.548954 -0.646621 4.34638 4.42837 0
21 -0.304443 -0.0785637 0.130128 0.340281 2
-3 -0.00741421 -0.570705 9.51943 9.53652 2
21 -0.701062 0.129641 6.83237 6.86946 0
3 -0.329506 0.137645 1.83265 1.86712 2
21 -0.458671 0.323899 -0.755714 0.941484 2
1 0.0730969 -0.942645 35.7042 35.7167 2
2 -0.0289922 -0.257626 0.931592 0.966993 2
21 -1.0171 0.138855 7.03261 7.10714 2
21 -0.160393 -0.25595 2.95971 2.97509 2
21 0.473072 -0.217888 3.21365 3.25559 0
# 4 306
-1 -2.30526 2.64949 100.232 100.293 0
2 7.62906 -3.50454 6.18219 10.4261 0
-2 0.296286 2.43819 -3.06711 3.92934 0
2 -20.1489 0.152668 325.101 325.725 0
21 0.403635 0.160836 4.14423 4.16695 0
21 0.182373 1.15258 17.0803 17.1202 0
21 -2.70555 2.05379 -130.545 130.59 0
21 0.571249 -0.0253091 2.12097 2.1967 0
21 0.674821 0.433358 -1.29182 1.52052 0
21 -0.92273 -0.137632 9.77606 9.82047 0
21 1.38142 -1.73599 22.6933 22.8015 0
21 -1.11888 -3.31262 38.8461 39.0031 0
21 0.47979 0.168992 -0.648137 0.823917 0
21 -0.462412 -1.8076 14.0424 14.1658 0
3 -1.04003 -2.03283 14.1863 14.3689 0
21 -0.423502 -0.0434487 11.4586 11.4665 0
21 0.988379 2.95009 -2.14113 3.77682 0
21 0.143676 0.028865 -2.61809 2.62219 0
21 -1.31632 -1.16101 17.7692 17.8557 0
21 -0.0181829 0.788774 26.1454 26.1573 0
1 -0.89904 2.29218 98.9759 99.0065 0
21 -0.242612 0.312964 2.17273 2.20853 0
21 1.21145 -1.6975 17.8375 17.959 0
1 0.791019 0.829251 -1.26916 1.71001 0
21 0.208033 -0.444079 -14.7654 14.7735 0
21 -0.149094 -0.449078 6.93879 6.9549 0
21 14.9124 -6.93804 11.2638 19.9346 0
1 -0.731368 0.309018 -2.53139 2.65299 0
21 -1.28926 -0.245206 16.3613 16.4138 0
21 -1.38427 -2.10469 25.2921 25.4172 0
21 0.00215957 0.183537 -1.96236 1.97093 0
21 -0.866699 -0.250945 30.086 30.0995 0
21 -0.229712 -0.789466 6.05066 6.10627 0
21 -0.879714 -0.678754 10.5499 10.6082 0
21 -0.328367 0.230279 6.61064 6.62279 0
21 1.53856 -0.34955 -3.53592 3.87196 0
-2 -1.70102 1.29155 28.0208 28.1021 0
21 0.588361 -1.17913 -1.30902 1.85743 0
2 1.45753 -1.59109 -3.16913 3.83397 0
21 -0.328701 0.215792 0.671823 0.778432 0
21 0.311318 -0.76111 0.469795 0.947056 0
1 1.9034 4.97744 -139.1 139.202 0
21 -0.852143 -0.710114 29.1303 29.1514 0
2 -0.740789 -2.45281 103.327 103.358 0
21 0.439569 -0.776428 1.64925 1.87513 0
21 -0.464854 -0.44661 4.09631 4.14672 0
21 2.3311 -0.84074 -2.36134 3.42298 0
21 0.594007 -0.0597449 16.6776 16.6883 0
-3 -0.113994 0.58504 2.56885 2.6371 0
21 0.570132 -1.00766 8.53418 8.61235 0
21 0.168253 -0.350629 -0.175171 0.426538 0
-2 0.0827956 -0.0575698 2.56395 2.56593 0
21 -0.131751 -0.376204 1.93534 1.97596 0
3 -0.250043 0.0125018 -0.691652 0.735568 0
21 -0.560959 -0.22283 5.01658 5.05276 0
21 -0.150516 -0.772608 -0.308725 0.845511 0
3 0.878408 0.390821 3.11028 3.25548 0
21 -0.0885531 -1.06432 1.63281 1.95108 0
21 0.637947 2.27887 -44.9272 44.9895 0
21 -1.88864 -0.788644 3.35059 3.92624 0
21 0.567947 0.00314866 0.254804 0.622494 0
21 -0.794841 -2.18453 -141.678 141.697 0
21 0.0796111 -1.12883 8.16575 8.24379 0
21 -0.00667657 0.328004 -2.35973 2.38243 0
21 -0.187071 -0.504461 -4.17164 4.20619 0
21 0.526968 0.30039 -37.735 37.7399 0
21 -0.387559 -0.14453 0.427181 0.594621 0
21 -0.0132736 1.43029 -28.3322 28.3683 0
21 0.185419 -0.165234 -0.416551 0.484971 0
21 0.511074 -1.23662 2.37585 2.72674 0
21 -2.17146 1.53695 -4.99636 5.66049 0
21 0.167506 -0.129786 -0.868173 0.893659 0
21 0.215837 -0.791386 -0.524866 0.973839 0
21 0.655027 -0.916982 0.285424 1.16249 0
21 1.0904 -0.0583491 1.23215 1.64638 0
21 0.805488 -0.422757 -2.03384 2.22801 0
21 0.1688 0.859001 -7.57142 7.62186 0
21 -0.559055 -0.464521 -0.584058 0.93244 0
21 -0.0455852 0.0215463 -0.139217 0.148067 0
21 -0.337351 0.219949 -19.9699 19.974 0
21 -0.315866 -0.0187652 -1.61424 1.64496 0
21 -0.245708 0.124433 0.202362 0.34177 0
21 0.242491 -0.0939791 -0.0273812 0.261503 0
21 1.12896 0.272493 -8.73066 8.80756 0
2 -0.194464 1.86662 -40.357 40.4006 0
21 -0.230715 2.29079 -2.7628 3.59639 0
21 0.139291 -1.54297 28.0928 28.1355 0
21 -0.156469 0.477856 4.31323 4.34244 0
21 -0.309837 -0.256394 -1.45581 1.51034 0
21 0.107112 -0.0762509 -0.0364608 0.136443 0
21 -0.254796 -0.205781 -3.66608 3.68068 0
21 0.0769881 -0.584814 -25.0061 25.013 0
21 -0.363748 0.0444778 1.98894 2.02242 0
21 -0.55757 -0.157921 6.01852 6.04636 0
21 0.0513921 0.96017 -8.6712 8.72435 0
21 0.560587 -0.237283 1.04539 1.20971 0
21 -0.496421 0.195438 -2.64453 2.69781 0
21 1.86993 1.70178 0.495646 2.5765 0
-1 -0.285099 0.168091 -0.34508 0.478139 0
21 -0.725963 0.325164 -0.496517 0.937701 0
21 0.275539 -0.819841 -0.675365 1.09735 0
21 0.0103614 -0.495429 -13.958 13.9668 0
21 -0.0955537 -0.114201 -0.184024 0.236722 0
1 0.816383 0.779529 -0.732453 1.3456 0
3 -0.424124 0.736518 -0.803961 1.16991 0
-2 0.0918411 -0.506597 -17.3429 17.3505 0
21 -0.318632 -0.229826 7.20448 7.21518 0
21 0.0983807 -0.305062 2.74235 2.76102 0
21 -0.0827963 -0.606895 -0.307022 0.685157 0
21 0.215449 0.339311 -2.26003 2.29549 0
21 -0.222804 -0.126387 -2.70574 2.71784 0
-3 -1.19883 -0.599975 -23.0046 23.0437 0
21 0.906011 0.487035 -33.1543 33.1703 0
21 0.0906446 0.614009 -7.49729 7.52294 0
21 1.2706 0.908255 -3.49358 3.82681 0
21 0.530128 0.556985 -2.84016 2.94241 0
21 -0.194122 -0.705034 -1.67353 1.82632 0
1 -0.156782 -0.323763 -5.62295 5.63444 0
-2 -0.206907 1.05606 -72.4466 72.4545 0
21 0.565811 -0.513365 0.386479 0.856184 0
21 -0.220692 -0.422978 -3.51389 3.54613 0
3 0.0691768 0.0395884 -0.593037 0.598369 2
21 1.20018 0.0581295 0.25103 1.22753 2
21 -0.243453 0.530346 0.274968 0.645092 2
3 -0.447 -0.401732 -1.35184 1.47942 2
21 0.334522 -0.5995 -0.513482 0.857303 2
21 -0.150303 0.290834 -0.634036 0.713566 0
21 0.352058 0.428635 -0.353292 0.657638 2
21 1.14754 -1.00263 -1.22851 1.95738 0
21 0.766638 0.31143 -0.938189 1.25097 2
21 -0.597607 0.00551782 -0.21661 0.635676 2
21 -0.863617 -0.149314 -0.813009 1.19545 0
21 0.727557 0.0907138 -0.256126 0.776639 2
21 -0.52135 0.323771 0.494962 0.788429 2
3 -0.530039 -0.167084 1.04013 1.17929 2
-1 -0.556702 0.901792 0.0244626 1.06007 0
21 0.396578 0.419811 0.939843 1.1031 2
21 0.2747 -0.0183196 0.336255 0.434584 2
21 0.634904 0.151265 0.682811 0.944571 0
21 0.488022 -0.285234 0.156027 0.586403 2
21 0.434031 -0.537092 -0.25259 0.735291 0
-1 1.35054 0.274492 2.06522 2.48283 2
21 4.78456 -1.78451 2.86005 5.85289 0
21 1.01133 0.601855 -0.491037 1.2752 2
21 0.92376 0.49183 -1.99577 2.25352 0
21 -0.734092 0.0251465 0.432499 0.852396 2
3 -0.845464 0.241859 1.02938 1.35385 2
2 0.880628 0.652211 -2.32061 2.56634 2
21 -0.324679 -0.33367 -0.424642 0.630137 2
21 9.2541e-05 0.192138 -0.253666 0.318219 2
21 -0.202244 1.67824 -0.951788 1.93992 2
21 1.04047 -1.39378 3.14751 3.59611 2
1 0.579311 -0.867952 0.864095 1.35484 2
2 1.33729 0.861679 1.66713 2.30437 2
21 -0.499716 -0.583563 2.28645 2.41207 0
-3 -0.090756 0.584243 0.263598 0.647349 2
21 0.312644 0.707272 1.52075 1.70607 0
21 -0.149799 0.774679 2.03795 2.18536 2
21 -0.462998 1.03169 0.431847 1.21048 0
21 0.807406 0.576537 1.69288 1.96218 2
21 -0.00751568 -0.582494 0.283522 0.647874 0
21 0.514123 0.400525 0.811604 1.04089 2
21 0.712036 0.568155 -1.01798 1.36605 0
-2 0.170811 0.387562 0.271968 0.503336 2
21 0.433257 0.216615 -0.769574 0.909328 0
21 1.44467 0.849076 -0.0498529 1.67645 2
-1 0.931096 1.49658 -3.37723 3.80951 2
21 -0.416417 0.861569 -0.977714 1.36807 0
21 0.174897 0.173409 -0.252205 0.352515 2
21 0.604376 -0.466455 -0.753915 1.07296 0
21 -0.604306 -0.107272 1.49561 1.61665 2
21 0.399992 0.575687 1.99969 2.119 0
-2 0.477607 -0.145369 0.459311 0.678386 2
21 0.568951 0.867732 -0.690328 1.24628 0
1 0.220879 -0.0269521 0.0900665 0.240054 2
21 -0.425382 0.558878 -1.84297 1.97227 0
-3 0.654928 0.379572 3.44634 3.5285 2
-1 0.375912 -0.315926 -0.0732274 0.496469 2
-1 0.74275 -0.363231 -1.33582 1.571 2
21 0.277917 0.933177 -0.950658 1.36081 0
21 -0.498544 1.18845 4.22376 4.41601 2
21 -0.132622 -0.788522 -0.186451 0.821048 2
21 -0.25898 0.373128 -0.147252 0.477471 0
2 0.358441 -0.397042 -0.166036 0.56008 2
21 -0.542618 0.372437 1.14288 1.31883 2
1 0.552815 0.0682429 -2.03907 2.11378 2
21 0.389835 -0.76664 -0.401124 0.949004 2
21 -0.116129 -0.0473327 -0.0805524 0.149047 2
21 0.915835 1.58851 -1.23194 2.20902 0
21 0.475385 1.21278 -1.17749 1.75593 2
21 0.894429 -0.326221 -0.0790173 0.955336 2
21 0.28053 -0.893489 -0.840803 1.25856 0
-3 0.668242 -0.266169 -0.0766564 0.723374 2
21 -0.488977 -0.571217 -0.120064 0.761448 2
21 -0.471148 0.388607 -0.810231 1.01463 0
21 0.407673 0.346374 0.32943 0.628249 2
21 -0.0753197 1.51876 -1.95084 2.47348 2
21 0.389849 0.510196 -0.181749 0.667319 2
21 0.0451204 0.479482 -0.231739 0.534454 0
21 0.68822 0.148745 0.0356736 0.705014 2
21 0.485269 -0.50511 -1.03388 1.24881 0
21 0.264866 -2.10716 18.6948 18.8151 2
-1 -0.286388 -0.0563416 0.105675 0.310418 2
21 -0.286049 0.374957 -0.435315 0.641807 0
2 0.092151 0.569792 0.171846 0.602234 2
21 -0.299603 1.14766 -0.448205 1.26798 2
21 -0.0411085 1.14677 -0.944753 1.48638 0
-3 -0.377898 0.701497 -1.25864 1.48966 2
2 -0.435509 -0.488736 0.0630378 0.657651 2
21 1.21878 -1.441 14.951 15.0697 2
21 -1.05575 1.48491 15.9984 16.1018 0
2 1.03543 -0.05401 -1.08435 1.50028 2
21 -3.38377e-05 1.15772 -1.88729 2.21409 0
21 0.165063 -0.696031 -2.78016 2.87072 2
21 -0.814176 0.345986 2.52035 2.6711 2
21 -0.942124 0.0880037 9.29356 9.3416 2
21 -0.991543 -0.817264 -7.6462 7.75342 2
-2 -0.520218 0.731421 1.61021 1.84347 2
-2 -0.552637 -0.773849 -10.7828 10.8246 2
-1 1.13583 -0.159596 -0.78634 1.39065 2
21 0.613138 0.632908 16.9333 16.9562 2
21 0.690809 0.2157 2.02067 2.14636 2
2 -0.432775 -0.0790177 -1.04774 1.13635 2
21 -0.780771 -0.7002 -0.400571 1.12265 2
-2 -0.483887 0.0654568 1.51661 1.59328 2
21 -0.558467 0.305666 14.7885 14.8022 0
21 -0.596473 -0.700345 9.44212 9.48683 2
21 0.741288 0.57486 17.228 17.2535 2
21 0.950384 -0.481883 6.64409 6.72899 2
21 0.187116 0.333629 -0.357919 0.523857 2
21 1.98476 0.433848 19.3181 19.4246 2
21 -0.323894 -0.611801 5.36641 5.41088 0
21 -1.48503 0.0728636 6.92163 7.07952 2
21 -0.572896 -0.472141 6.00205 6.04779 0
2 0.354023 0.755856 4.24877 4.32998 2
21 -0.399357 0.0913798 1.81247 1.85819 0
21 0.048497 -0.607503 -2.96425 3.02625 2
21 0.393898 0.181503 -7.44282 7.45544 0
21 1.48091 0.0233319 5.79203 5.9784 2
21 -0.76886 -0.458621 10.2098 10.249 2
21 -0.110096 -0.330625 0.701189 0.783007 2
21 0.252706 -0.00693052 0.679648 0.725142 2
21 -0.744771 -1.45938 -11.7556 11.8692 2
21 0.69556 0.733413 -5.15712 5.25524 2
21 0.860556 -0.362956 -10.6356 10.6765 0
21 0.228937 0.283669 11.9051 11.9106 2
21 -0.532823 -0.214396 21.1015 21.1093 2
21 0.110716 -1.01182 20.605 20.6301 0
21 0.760883 -0.344279 -6.72415 6.77581 2
21 0.228545 -0.262049 -1.45287 1.4939 2
21 -1.28446 0.546639 10.3354 10.4292 2
21 -0.517 -0.485195 5.23857 5.28633 0
21 -0.954582 -0.576979 -6.03711 6.13929 2
21 0.724773 0.0328832 5.80781 5.85295 2
21 0.0163685 -0.706336 6.12376 6.16438 0
21 -0.297893 0.771379 -5.73402 5.79334 2
# 5 256
1 -6.9689 11.0919 30.1916 32.911 0
21 7.51741 -10.8478 7.05304 14.9644 0
3 -8.10267 -4.82272 41.0726 42.1411 0
-2 -0.339597 0.091719 7.4038 7.41215 0
21 0.293473 -0.323455 -0.582297 0.727887 0
2 0.253254 0.0565048 -0.0407002 0.262654 0
21 0.903296 0.378922 11.0082 11.0517 0
21 -0.555806 -0.0382584 -0.20105 0.592288 0
21 -0.403221 0.721011 3.24888 3.35226 0
-2 -0.0954568 0.127537 2.87782 2.88222 0
21 0.096435 0.838764 1.91561 2.09342 0
21 0.184864 0.16583 -0.0744025 0.259249 0
21 2.81881 -7.77472 5.31556 9.83093 0
21 -0.588878 -0.617198 -0.523225 1.00074 0
21 -0.474531 -0.272767 0.0810454 0.553308 0
21 -2.98097 -2.18489 -60.8413 60.9534 0
21 0.633151 0.826351 -47.9883 47.9996 0
-3 -0.653036 1.09206 6.00211 6.1355 0
21 0.719903 -0.679673 -0.862306 1.31293 0
21 -0.0524904 -0.410158 -4.83732 4.85496 0
1 -1.09149 0.57528 24.5697 24.6007 0
21 0.346732 -0.381022 -1.66913 1.74683 0
21 0.0980194 -0.576208 11.4041 11.4191 0
21 -1.37992 -1.16043 -11.4684 11.6093 0
21 -0.0717673 -0.494552 2.4596 2.50986 0
21 0.492806 -0.255644 0.187357 0.58593 0
21 0.415218 -1.09907 -0.908075 1.48491 0
21 -2.47991 -2.0161 11.2406 11.6861 0
21 -0.234037 -0.94466 -6.82275 6.89181 0
21 -0.0982298 -0.595668 -4.35455 4.3962 0
21 -0.633579 -1.0676 2.46399 2.75907 0
-3 0.353691 0.134315 1.98727 2.02297 2
21 0.495329 -0.961228 0.650251 1.2618 0
1 0.0589613 -2.60961 4.2355 4.97523 2
21 0.0911995 0.148241 0.821243 0.839484 2
21 0.878475 -0.943376 1.73084 2.15812 0
21 0.0677949 -1.28446 0.523215 1.3886 2
21 -1.40711 -1.14007 1.99788 2.69652 2
-2 1.52503 0.35472 0.359058 1.60639 2
21 0.285655 -2.04547 -0.140463 2.07009 2
-1 0.0539294 0.847642 1.75921 1.95352 2
21 1.12322 -0.311996 1.68911 2.05233 2
21 1.76429 -4.6579 2.47838 5.56337 2
21 0.29411 -0.819925 0.431939 0.97229 0
21 0.101906 0.759857 5.96947 6.0185 2
21 0.789187 0.162911 0.492361 0.944339 0
21 1.57118 0.479571 6.56677 6.76912 2
21 0.388789 0.72347 2.18519 2.33444 0
2 0.927392 -0.0988029 2.04357 2.24633 2
21 -0.859797 1.04838 3.28195 3.551 0
21 0.277896 -0.868383 1.29997 1.58784 2
21 0.4234 0.200097 1.08535 1.18207 0
21 -0.464236 -0.154606 0.291478 0.569541 2
-2 0.108808 0.0994161 0.138869 0.202503 2
21 0.23456 -0.441222 -0.240849 0.55471 2
-3 0.121705 1.71912 13.61 13.7187 2
-3 0.333729 0.259483 0.294601 0.515263 2
21 0.189667 -0.642412 0.158815 0.688396 0
21 1.42848 -1.28091 1.26627 2.29885 2
21 0.534425 -1.30289 0.613672 1.53614 2
1 2.08192 -2.95044 3.24026 4.85168 2
-2 -0.923934 0.275091 3.17917 3.32211 2
-2 0.801187 -0.400284 0.704213 1.13932 2
21 -0.123826 1.07562 3.13773 3.31928 2
21 0.221586 0.168878 0.0508427 0.283205 2
2 -0.357165 1.50853 12.0212 12.1207 2
21 -1.75022 0.511796 6.89963 7.13653 0
-2 -0.212932 0.13922 0.222709 0.338115 2
21 0.0234934 0.171909 2.04898 2.05632 0
21 -0.404518 -0.12455 0.0384528 0.425001 2
21 0.540281 -0.843267 0.5967 1.16578 0
2 0.825019 0.53888 5.09429 5.18872 2
21 0.109769 1.04122 3.80405 3.9455 0
3 0.190725 -1.31854 4.38317 4.58117 2
21 -0.507038 -1.04622 6.001 6.11258 2
21 -0.0479872 0.6105 0.984785 1.15966 0
21 0.0551024 0.547643 0.933382 1.08358 2
-3 0.588079 -0.215144 0.771227 0.993436 2
21 0.230122 0.618014 1.95691 2.06504 0
1 -0.260438 -0.351588 2.24094 2.28326 2
21 -0.941654 0.25066 4.24081 4.35132 0
-2 -0.306849 -0.273145 1.649 1.6994 2
21 -0.779396 -0.219794 3.69492 3.78262 2
21 1.11955 1.08807 2.66708 3.09041 2
21 -0.471978 1.01424 2.83746 3.05002 2
21 -0.263285 -0.295153 -0.0156108 0.395826 2
3 -0.0336666 -0.793768 -0.915643 1.21227 0
21 -0.390868 0.506873 0.708693 0.954957 2
21 -0.254171 0.551802 1.085 1.24351 2
1 0.155379 0.26038 0.139975 0.333966 2
21 0.311448 0.722898 2.26526 2.39813 0
21 -0.552224 -0.351337 1.12014 1.29735 2
21 0.0627431 -0.607625 0.659558 0.898978 2
21 0.258986 0.511195 1.11919 1.25737 2
21 0.295426 1.31484 2.61077 2.93806 2
21 0.144451 0.386929 0.119341 0.429909 0
21 -0.403699 -0.0384517 1.21601 1.28184 2
21 -0.19066 0.579936 0.969135 1.14538 0
2 -0.075019 -0.116877 -0.00146221 0.138889 2
21 -0.131993 0.536441 0.928399 1.08033 2
21 0.284187 0.265679 3.13461 3.15866 2
21 -1.74219 1.06356 10.869 11.059 2
-3 0.521145 -0.0839583 6.27901 6.30116 2
-1 -0.638131 -0.276451 0.472263 0.840635 2
21 -0.384444 -0.592635 0.850587 1.10567 0
21 -0.892391 0.71649 2.23409 2.51015 2
21 0.42237 0.942284 3.0327 3.20368 0
21 0.257321 1.769 4.26238 4.62206 2
-3 -0.428251 1.6014 3.16011 3.56849 2
21 0.549129 0.255804 0.412139 0.732692 2
21 0.833408 0.34157 6.52114 6.58305 2
21 -0.846155 -0.210047 5.82774 5.8926 2
-1 0.0787209 0.0531792 0.25913 0.275995 2
21 -2.69274 1.26364 8.97675 9.45673 0
21 -0.758762 0.983656 11.1049 11.1741 2
21 0.282087 0.792655 5.30158 5.36793 2
1 -0.304624 -1.56304 -5.4095 5.63902 2
21 0.46081 -0.825373 0.807534 1.24326 2
21 -0.0986167 0.0412693 -0.0169771 0.108243 2
21 0.86043 0.628737 3.1993 3.37212 0
21 0.168021 0.618075 0.84782 1.06257 2
21 -0.570165 0.865781 4.29671 4.41999 0
21 0.663658 0.809722 2.97268 3.15165 2
21 0.0940127 0.395832 1.56694 1.61889 0
21 0.580368 -0.375198 3.33102 3.40195 2
21 -0.425355 0.926936 2.26761 2.4864 2
2 -2.20531 4.71886 18.9577 19.6603 2
21 -1.95565 1.87672 6.11964 6.69303 0
# 6 128
1 -2.08359 3.22198 6.60267 7.63661 0
-2 10.6462 -6.32667 14.717 19.2343 0
2 1.13729 -0.838471 21.4714 21.5179 0
2 -1.86702 -1.93355 -41.9216 42.0076 0
3 1.37259 0.80359 3.57012 3.9084 0
3 0.638868 -0.62461 7.17323 7.22866 0
-1 0.362753 -0.775491 0.852968 1.20852 0
21 -0.480882 -0.527511 15.2747 15.2913 0
21 -0.0668301 0.664881 7.37687 7.40707 0
21 0.547766 -1.20754 5.95417 6.10002 0
21 0.220383 0.207269 2.46356 2.48207 0
21 -4.01882 6.45788 16.0782 17.7866 0
21 -0.543317 1.40123 52.6302 52.6517 0
21 1.24875 -0.276619 -11.286 11.3583 0
2 -0.172397 -3.33793 -53.5629 53.6671 0
21 -2.49248 0.103359 28.1206 28.2311 0
21 0.386158 0.942591 -5.30124 5.39821 0
21 -0.0148855 -0.547707 3.79966 3.83896 0
21 0.643331 -0.0458502 -1.69874 1.81706 0
1 -0.257722 -1.90687 20.5107 20.6007 0
21 0.570858 1.83886 -0.887042 2.11994 0
21 0.446913 -0.822154 3.11592 3.2534 0
21 -0.90162 0.278968 1.6437 1.89539 0
21 0.343798 0.255975 -21.2102 21.2146 0
21 0.306231 -0.322752 9.00778 9.01877 0
21 -0.568417 1.47607 -0.330352 1.61586 0
21 0.000425109 0.462986 -2.14303 2.19247 0
21 -0.0762064 -0.231741 -2.37913 2.3916 0
21 2.74174 -1.35008 -2.23219 3.78451 0
1 0.366784 0.229253 0.537656 0.690044 0
21 -0.47991 0.522566 -6.75462 6.79178 0
21 0.21552 -0.452327 -1.21332 1.31271 0
21 -2.16567 -0.599149 -77.7753 77.8077 0
21 -0.600139 -0.827438 -65.2289 65.2369 0
21 -0.149113 -0.537215 -11.6249 11.6383 0
21 -0.481847 -0.586543 18.0944 18.1103 0
21 -0.451804 -0.394465 3.90557 3.95136 0
21 -0.413407 -2.15864 -21.0924 21.2066 0
3 -0.468647 -0.73117 6.69756 6.75364 0
-1 -0.77118 -1.00287 -48.1228 48.1394 0
-1 0.414198 -1.13483 5.71265 5.83898 0
21 -0.0845876 0.166538 18.5133 18.5142 0
1 -0.584155 0.333304 -4.48615 4.53628 0
21 0.417959 -0.19924 4.82646 4.84862 0
21 -0.373546 0.204713 -0.0461319 0.428453 0
21 0.358127 -0.286881 5.74306 5.76136 0
21 -0.548313 -0.0872639 -5.05554 5.08594 0
21 0.88405 -0.964033 2.80129 3.09162 0
21 0.315885 -0.686326 32.8297 32.8384 0
21 -0.0431308 -0.883906 2.44094 2.59641 0
21 -0.16382 -0.737981 0.312206 0.817878 0
1 0.00403429 0.0858847 2.38889 2.39044 0
-1 0.696597 -0.663517 1.25923 1.58466 0
2 -0.297711 0.220966 7.46222 7.47143 0
21 -0.0016303 -0.318704 2.46833 2.48882 0
21 0.11608 -0.0779209 0.346076 0.373249 0
21 -0.0337341 0.486803 1.86343 1.92626 0
21 2.07831 -0.128003 -3.95763 4.47198 0
21 -0.268669 0.412174 -20.116 20.122 0
21 -0.18086 0.726813 -15.4326 15.4508 0
21 -1.03997 0.219478 -18.4444 18.475 0
21 0.506823 -0.0884158 -3.38217 3.42107 0
21 -0.277926 -0.344094 -12.4955 12.5034 0
21 0.901155 -0.376565 -3.86675 3.98819 0
21 0.131595 -0.0130589 -0.114528 0.174942 0
21 1.24439 0.428757 6.55269 6.68357 0
21 -0.414105 -0.918364 2.85974 3.03199 0
21 0.135835 0.795286 -14.18 14.2029 0
21 0.648055 -0.0689387 0.350674 0.740068 0
21 -0.0546874 0.4746 -28.0165 28.0205 0
21 0.539826 -1.30755 -0.0162696 1.4147 0
21 -0.284516 0.341076 -10.1783 10.188 0
21 0.143963 -0.556818 -1.43273 1.54385 0
21 0.75165 0.181264 13.7965 13.8181 0
21 -0.593437 0.183792 -1.21957 1.36869 0
21 0.0271073 0.344354 -4.74058 4.75315 0
3 0.800875 -0.421774 9.8385 9.88005 0
-3 -1.00736 0.0616874 9.07225 9.12822 0
21 0.138393 -0.756033 -15.0749 15.0944 0
21 0.0462041 0.0291116 -0.0185629 0.0576791 0
21 0.153582 -0.15934 -0.206983 0.303016 0
21 0.541816 -0.388628 -0.57681 0.881649 0
21 -0.0223888 0.157633 0.477836 0.503663 0
21 0.479473 -0.26909 -1.36423 1.47086 0
21 -0.834672 -1.21749 -55.5514 55.571 0
21 0.34479 -0.231691 0.0266145 0.416256 0
-2 -0.260737 -1.52756 -30.6636 30.7028 0
2 -0.274842 1.32054 -33.8638 33.8906 0
21 -0.00480723 0.282743 0.462942 0.542478 0
-1 0.593849 -0.582504 46.4304 46.4379 0
21 -0.508805 -0.18089 4.66612 4.69727 0
21 -0.561822 0.130392 -0.754955 0.950055 0
21 0.40468 1.09636 4.74154 4.88344 0
21 1.30061 -0.239328 0.450049 1.39693 0
-2 0.31765 0.709609 24.2861 24.2985 0
21 -0.065349 0.0809139 -3.09209 3.09384 0
21 0.665584 0.178153 -0.405794 0.799631 0
21 -0.225609 0.56899 -4.20171 4.24605 0
2 0.611095 0.467334 -30.0778 30.0876 0
21 -1.05646 -0.174477 0.547691 1.20272 2
21 1.01016 0.365765 -0.610245 1.23556 2
21 -0.943893 0.162516 0.0978169 0.962764 0
21 0.635685 0.75001 0.424368 1.07084 2
21 0.864782 -0.345442 -0.327011 0.986972 2
21 -0.188198 0.214918 -0.0190146 0.286304 2
-1 -1.01201 -0.527128 0.399562 1.209 2
21 -0.00396624 0.499784 0.133258 0.51726 2
21 -0.0713701 -0.808239 1.07098 1.34363 0
2 0.140872 -0.577262 0.207455 0.629376 2
21 -0.0250466 -0.94512 0.842695 1.2665 0
21 1.01149 -2.29829 5.512 6.05701 0
21 -1.19176 -0.519321 0.844073 1.54998 2
21 -1.42919 -0.181151 4.31198 4.54628 0
21 -0.0829838 1.38534 1.33125 1.92309 2
-1 0.576189 0.570686 0.195765 0.834267 2
21 0.900111 0.111441 0.858961 1.24917 0
21 0.77029 0.841159 0.152873 1.15077 2
21 0.403643 -0.558451 0.0225843 0.689424 2
21 0.457084 -0.756521 1.43365 1.68422 0
-3 -0.585527 0.242238 -0.600881 0.873258 2
21 -0.200879 -0.302824 -0.0312298 0.364733 2
21 1.49929 -1.34913 1.68073 2.62543 0
21 0.256043 -0.163377 -0.0723917 0.312235 2
21 0.496899 -0.443175 -0.0645322 0.668937 0
21 0.0872513 -0.646873 -0.246585 0.697755 2
21 0.360855 1.09891 0.0163377 1.15676 0
3 0.447952 0.349713 0.3527 0.668848 2
21 0.525956 0.442844 0.301992 0.750959 2
21 0.452524 0.40402 -0.419604 0.737616 2
21 0.0403153 -0.411006 -1.5192 1.57433 0
21 1.69622 1.09348 4.84309 5.24674 2
-1 0.00133347 -0.508499 -0.130405 0.524955 2
21 0.524221 -0.198496 -0.398821 0.687944 2
21 -0.695982 -0.230293 0.395829 0.833131 2
21 -0.166125 0.467242 1.37286 1.45968 2
21 -0.110755 0.192907 1.01031 1.03451 2
3 0.0674033 -1.2407 0.00206322 1.24253 0
21 1.36671 -1.08422 9.6993 9.85494 2
21 -0.236398 -0.35284 -1.79848 1.84794 2
21 -0.133275 -0.338572 -0.456829 0.584025 2
-1 1.0889 -1.34382 0.811931 1.9107 2
21 0.0583112 -0.300704 -0.0429143 0.309297 0
21 1.51649 0.0421664 5.34874 5.55972 2
21 0.832705 -1.00438 1.37402 1.89476 0
2 -0.796801 0.349285 1.02281 1.34277 2
21 -0.664861 1.15854 2.03363 2.43309 0
21 -0.425737 1.14147 0.786806 1.45027 2
21 0.155066 0.936298 0.641647 1.1456 2
21 0.330124 0.315405 -9.63878 9.64959 2
21 0.507 1.12897 -4.4503 4.61918 0
-3 0.665522 -0.490719 0.754203 1.11917 2
21 0.113487 -0.262864 0.137468 0.317607 2
21 0.567182 -0.540441 2.47416 2.59524 2
21 0.683901 0.840112 3.31339 3.48598 0
21 -0.590067 -1.73995 4.15811 4.54593 2
3 0.502825 0.629442 0.0886699 0.810489 2
21 0.162038 -0.190242 -0.597631 0.647774 0
21 -0.0779593 0.923701 6.59004 6.65492 2
1 1.03709 0.621836 12.9756 13.0319 0
2 -0.343753 -0.185316 0.645585 0.754512 2
21 -0.463205 1.32525 5.72618 5.89576 0
-2 -0.04142 0.875756 -3.95064 4.04676 2
3 1.61632 0.518278 5.29837 5.56362 2
21 -0.236329 -0.0836094 -0.93679 0.969751 2
-1 -0.0138452 0.492694 0.812422 0.950246 2
21 -0.615991 0.866969 2.77468 2.97152 0
-2 0.0674126 -0.22759 0.459386 0.517085 2
2 0.43195 0.296787 -0.18295 0.555098 0
3 -0.246589 -2.27254 -3.9821 4.59155 2
21 0.323955 1.45839 -2.86926 3.23488 2
21 0.701503 -0.510827 5.20472 5.27657 2
21 -0.429976 0.335858 -0.559127 0.781219 2
21 -0.235545 0.355138 0.515985 0.669213 2
21 -0.0738329 0.158599 -0.0404798 0.179565 0
21 1.06598 0.479876 -3.53496 3.72324 2
21 0.207144 -0.323946 -0.0278847 0.385522 2
21 0.380148 0.592537 2.16253 2.27424 2
21 -0.595191 1.10283 2.87954 3.14041 2
21 -0.546936 -0.584162 2.57681 2.69821 2
21 0.1321 0.194282 0.319195 0.396335 2
21 -0.0724371 -0.515102 -2.19334 2.25418 0
21 -0.25777 -0.823004 6.12977 6.19015 2
21 -0.417512 -0.671182 3.77788 3.85969 0
21 1.95736 0.605562 12.0316 12.2048 2
21 1.1562 -0.812886 4.90976 5.10914 2
21 0.363633 0.66753 6.65066 6.69396 0
21 0.452554 0.175068 -1.97807 2.03672 2
21 -0.589364 -0.443431 -2.1377 2.26135 0
21 -1.21291 0.543958 2.46652 2.80193 2
21 -0.698919 0.363286 1.89562 2.05276 0
21 0.673434 0.786509 -6.13145 6.21827 2
21 -0.497885 0.618336 1.62014 1.80419 2
21 -0.0144392 0.116951 0.680069 0.690203 0
3 0.474512 0.086517 -1.34883 1.43247 2
21 -0.203721 -0.443975 -0.596609 0.771076 2
21 -0.582402 -0.408148 -0.751408 1.0346 0
21 -0.192194 -0.157072 -0.0792174 0.260549 2
21 -0.547991 0.110412 -1.7106 1.79962 0
21 0.0799845 -0.997967 -2.4473 2.64417 2
21 -0.100602 -0.242769 0.401718 0.480036 2
21 0.531265 0.448702 1.66615 1.80544 0
21 0.908266 -0.595752 -6.37645 6.46831 2
21 -0.296367 0.158094 1.09027 1.14084 2
2 0.685494 0.0053858 3.29883 3.3693 2
21 0.606333 0.547291 -1.24569 1.4896 2
21 1.02007 0.240131 62.2273 62.2361 2
21 -0.153057 0.110421 -1.59799 1.6091 2
21 -0.668095 -0.572317 -2.09335 2.27069 0
21 -0.537865 0.518412 -1.73082 1.88515 2
21 -0.399559 0.19471 -8.50032 8.51193 0
21 -0.134026 0.393503 -0.672341 0.790475 2
21 -0.516194 0.429044 -5.82713 5.86566 0
-2 0.476128 -0.521717 28.1891 28.198 2
21 0.181908 0.0686549 6.74597 6.74877 2
21 0.290673 -1.51027 -6.13086 6.32082 2
-3 -0.287068 0.871659 -2.08211 2.27538 2
21 -0.0667642 -0.127935 0.0813787 0.165672 2
3 0.0862784 0.0852447 -0.866119 0.87457 2
21 0.607513 0.287947 -1.7205 1.84719 0
21 0.466054 1.14871 -3.40484 3.62349 2
21 0.155603 0.313359 0.394665 0.527415 2
21 -1.78478 -1.18752 36.3943 36.4574 2
21 -0.34575 0.177694 10.2779 10.2852 0
2 0.421299 -0.151449 -0.519442 0.685748 2
21 -0.534382 0.554749 20.0881 20.1029 2
21 -0.249721 -0.205511 -1.1007 1.14723 2
21 0.356143 -0.164947 -1.02029 1.09318 2
21 0.510254 0.436929 -6.67001 6.70376 0
-2 -0.282579 0.251024 1.1859 1.24468 2
21 0.483314 1.51374 -3.58049 3.91726 2
21 -0.187989 0.140112 -3.64893 3.65646 0
2 0.302255 -0.0160814 0.689039 0.75259 2
21 0.52588 -0.493738 8.39896 8.42988 0
3 -0.113387 0.77441 4.03619 4.11138 2
21 -0.0659688 0.724565 1.94408 2.07577 0
2 -1.34034 1.39867 -17.3193 17.4273 2
2 0.656511 0.888517 6.89441 6.98236 2
21 0.129206 -0.427771 -2.37812 2.41974 2
-3 0.106083 -0.17411 -0.249001 0.321822 2
# 7 239
3 0.316058 1.38562 9.85635 9.95829 0
21 -1.52144 -4.02602 15.028 15.6322 0
21 -0.223095 1.71445 38.3482 38.3871 0
21 0.872578 -0.171549 9.62393 9.66493 0
-1 0.0403835 0.208266 4.32019 4.32539 0
21 -0.371738 -1.06284 29.1645 29.1862 0
1 -1.06367 -0.776169 3.51817 3.75651 0
21 -0.838525 -0.0974774 1.6424 1.84665 0
21 -0.903887 -0.365388 11.2378 11.28 0
21 0.168328 0.0622584 9.6114 9.61307 0
-2 -0.749432 -0.566555 1.92945 2.14602 0
21 0.639765 0.881097 29.8153 29.8351 0
21 -0.311139 -0.620109 5.61342 5.65613 0
21 -0.235506 0.846179 46.7456 46.7538 0
21 0.246369 -0.413937 2.05275 2.10852 0
21 2.33696 -3.68072 68.6047 68.7431 0
21 0.098756 1.26026 21.9622 21.9985 0
21 -1.34411 1.05769 74.8641 74.8837 0
21 -0.184236 0.565799 9.38318 9.40203 0
21 -0.407792 0.315019 3.01084 3.05462 0
21 -0.373487 -0.70607 15.592 15.6125 0
21 0.328966 -1.31656 23.4541 23.4933 0
21 -0.750551 0.769106 44.9383 44.9512 0
21 -0.132636 -0.150198 9.84883 9.85087 0
21 -0.552554 -0.345938 38.9227 38.9282 0
21 0.24246 -1.12352 -0.860798 1.43598 0
21 0.104277 1.31838 -45.9118 45.9308 0
1 0.0649276 0.897875 -1.93491 2.13408 0
21 -0.126117 -0.158082 0.139331 0.245578 0
3 0.00554215 -0.121205 -0.95332 0.96101 0
21 -0.0301893 -1.20722 -4.98856 5.13264 0
21 -0.944895 1.74625 -49.0833 49.1235 0
21 -0.0918685 0.400545 13.6425 13.6487 0
21 0.492668 -0.453946 0.50214 0.837218 0
3 -2.35555 -0.278373 -4.07081 4.71143 0
-3 1.67263 -1.58559 -37.137 37.2084 0
21 -0.752979 -0.131846 -12.9537 12.9762 0
21 0.105473 0.794787 0.258982 0.842545 0
21 -0.105735 0.460596 -0.335371 0.579485 0
21 -0.281602 -0.267155 -0.26963 0.472623 0
21 0.0946903 0.248826 -1.6579 1.67914 0
21 -0.779736 -0.565476 -4.41785 4.52163 0
21 0.426324 -0.592501 -2.13528 2.2566 0
21 -0.496809 -0.745808 -10.7075 10.7449 0
2 -0.632554 3.95301 -2.66754 4.81063 0
21 -0.340103 -1.41823 -18.8125 18.8689 0
21 -0.0652057 -0.69138 -2.77847 2.86394 0
21 0.500876 -0.0458862 -14.0811 14.09 0
21 -0.381238 -0.783813 -2.62784 2.76862 0
21 1.70522 -1.02962 -0.827785 2.15711 0
21 0.0701512 0.376174 0.593288 0.705988 0
21 -1.21415 -1.84707 -15.2805 15.4395 0
21 -1.42467 -0.753 -22.8283 22.8851 0
21 -0.0969665 0.391055 -0.183737 0.442816 0
21 0.37403 0.158237 -0.102719 0.418913 0
21 -0.0623069 -1.57763 -3.06139 3.44455 0
21 -1.14664 0.109656 -37.1039 37.1218 0
21 -0.139926 0.641026 -6.0238 6.05942 0
21 0.84323 0.588637 -27.5118 27.531 0
21 0.0365992 -0.859891 15.1203 15.1447 0
21 -0.593625 -1.01027 -40.8312 40.848 0
21 -0.807767 -1.42928 8.31117 8.47176 0
21 -0.458908 0.45981 -0.329991 0.72864 0
21 0.125183 -0.446943 1.23999 1.32401 0
21 -0.31166 -0.0502587 -0.738085 0.802762 0
21 -0.217456 0.588186 -7.04874 7.07658 0
21 1.12625 -2.23617 82.3141 82.3521 0
21 -0.129446 -0.0657391 0.0164273 0.146109 0
3 0.1923 -0.396313 -8.17767 8.18953 0
21 -0.00545864 0.0852221 -0.0744521 0.113295 0
21 0.636885 -0.023411 22.9113 22.9201 0
1 0.532845 -0.0152041 6.52429 6.54603 0
21 -0.263185 0.00371786 0.0467155 0.267325 0
21 0.575895 1.46297 -21.382 21.4397 0
21 0.197771 0.718979 -2.74734 2.84674 0
21 0.570153 0.482881 4.72617 4.78487 0
21 -0.769319 0.363475 -2.3552 2.50418 0
21 0.00145811 -0.0308825 0.229896 0.231965 0
21 0.0539921 0.563643 -0.490991 0.749454 0
21 0.0952056 -0.00114084 -0.287411 0.302771 0
21 -2.30176 -2.55402 -158.708 158.746 0
21 0.861261 0.0647342 9.40472 9.4443 0
21 1.55792 -0.0504695 -1.59696 2.23158 0
21 -0.588276 -0.00688466 0.426926 0.726899 0
21 0.283304 -0.0364392 -0.280914 0.400627 0
-2 -0.181914 0.32724 3.71212 3.73096 0
21 -0.104936 0.538115 -0.763291 0.939783 0
21 0.0341266 -0.908246 0.596202 1.08698 0
2 0.834026 0.688433 -28.3526 28.3732 0
21 -0.755692 0.0582221 -4.96916 5.02663 0
21 0.0898201 0.008926 1.60348 1.60602 0
21 -0.337219 0.699435 22.6698 22.6831 0
21 -0.541593 0.222828 -1.82598 1.9176 0
21 -0.630213 -0.18408 6.46303 6.4963 0
2 0.785849 0.728116 45.3341 45.3468 0
-2 0.529277 0.332828 3.98426 4.03302 0
21 -0.938316 -0.189879 0.782433 1.2364 2
21 -0.618571 -1.02747 -0.251144 1.22532 2
21 0.306238 0.33633 -2.33321 2.37714 0
2 0.665524 -0.370233 2.09547 2.22957 2
21 -1.06719 -1.04208 4.22681 4.48227 0
21 0.646456 0.38946 -0.0975692 0.760989 2
21 -0.64601 -0.664338 -0.151635 0.938971 2
21 -0.653848 -0.560887 -0.216183 0.88817 0
1 0.156541 -1.08551 -1.33195 1.72538 2
21 0.636676 -0.512518 -0.728811 1.09508 0
21 1.12119 -0.00415895 15.2668 15.308 2
-3 0.637266 -1.35097 -1.8384 2.36875 2
21 0.79878 1.00915 -0.647962 1.44093 2
21 0.922962 -0.94708 -1.21066 1.79291 2
-2 -0.218571 0.550391 -0.654103 0.882357 2
21 0.566168 0.0731559 -0.709617 0.910744 2
21 0.627246 -0.0169655 -1.10272 1.26875 0
-1 1.20707 0.821663 7.17608 7.32313 2
21 -0.102658 0.034747 0.0249311 0.11121 2
21 0.299365 0.129174 -1.41672 1.45376 0
-1 -0.748305 -0.0179477 1.06013 1.29775 2
21 -0.846817 -0.153232 2.13879 2.30542 2
-1 0.569697 -0.36919 2.52691 2.61651 0
21 0.928445 -0.25383 19.7869 19.8103 2
21 -0.575808 0.988129 4.43638 4.58142 2
21 -1.19378 -0.605676 3.4032 3.65701 0
2 0.0117758 0.0429853 0.132326 0.13963 2
21 -0.603636 0.30681 0.91621 1.13928 2
21 -0.0040217 -0.575311 0.676624 0.888154 2
21 0.27187 -0.220064 0.0549952 0.354071 2
21 -1.17701 -0.917516 7.82138 7.96248 2
21 0.452319 0.451563 -0.626897 0.895266 2
21 -0.709742 0.367027 -1.47823 1.68036 0
2 0.177282 0.470573 1.24137 1.33936 2
21 0.693753 -0.208435 -0.738706 1.03461 2
21 0.388563 -0.181899 1.57275 1.63022 2
21 -0.770477 -0.00505425 -0.242207 0.807666 2
21 -1.05724 -0.325114 0.99608 1.4885 2
21 -0.038413 0.449828 0.532492 0.698118 2
21 -0.0564074 -0.0656061 -0.0399745 0.0953096 2
21 -0.773466 0.334537 5.1997 5.26755 2
21 -0.487231 0.551784 2.49766 2.60388 2
21 -0.00538396 0.682827 1.91367 2.03185 2
21 -0.0259431 1.37367 11.4533 11.5354 2
3 -0.196108 1.56688 14.6883 14.7729 0
1 0.251772 -0.46829 -0.178356 0.560799 2
-2 -0.601328 0.00202854 -0.45403 0.753487 0
21 -0.214901 0.35113 -0.525875 0.667846 2
21 -0.0905421 1.1527 9.27794 9.34971 2
21 0.607784 0.115487 -7.07342 7.10043 2
21 -0.917109 1.13316 -8.92793 9.04617 0
21 -0.506114 -0.234423 -1.21281 1.33492 2
21 -0.0598987 0.440498 -1.32943 1.40179 0
21 -0.311245 0.874462 -0.462965 1.03725 2
21 0.229236 -0.22524 -2.27061 2.29324 0
21 -0.086074 1.17173 -4.54303 4.69249 2
21 -0.957378 -2.98292 9.31919 9.83166 2
21 -0.632911 -0.349678 2.345 2.45395 0
21 -0.991696 -0.697945 -9.40503 9.48289 2
21 0.0365364 -1.58406 -9.09575 9.23273 2
21 0.714009 -0.0250184 -4.72176 4.7755 2
21 -0.369635 -0.491991 0.89018 1.08218 2
21 0.706814 1.29959 18.2933 18.353 2
21 1.18922 0.040441 16.1966 16.2403 0
21 -0.0853186 0.611901 -1.89835 1.99636 2
-1 -0.252302 -0.420898 4.11646 4.1456 2
21 0.514402 -0.55291 -1.22524 1.43928 2
21 -0.323227 0.495451 2.70115 2.76517 2
21 0.886345 0.208348 -1.79459 2.01235 2
-3 -0.532087 -1.58502 5.86096 6.09477 2
21 0.187249 0.138076 0.226154 0.324458 2
21 0.0208926 -0.591803 1.17671 1.31731 0
21 -0.379882 0.0169238 -0.257582 0.459288 2
21 -0.447471 -0.0414221 -0.576781 0.731178 0
21 1.27668 1.18127 8.93534 9.10305 2
21 1.42232 -0.619421 6.37544 6.56147 0
2 0.00500881 -0.926381 3.63525 3.75143 2
21 -0.334089 -0.0836279 3.85126 3.86663 0
-2 0.267674 0.154412 -5.63316 5.64163 2
-1 -0.777925 -1.07556 -6.47136 6.6061 2
21 0.240568 -1.13656 3.92984 4.09796 2
21 -1.4779 -1.07595 6.64363 6.89054 0
21 -0.660152 0.04185 6.42134 6.45532 2
21 0.506621 0.306061 4.14364 4.1857 0
21 1.06667 0.274942 -3.25262 3.43408 2
21 1.10735 0.213516 -5.70311 5.81354 0
21 -0.557553 -0.242896 2.45417 2.5284 2
21 0.592868 0.0138207 2.74212 2.80551 0
21 -0.388691 0.515346 20.8666 20.8766 2
-3 0.932335 0.709083 3.64556 3.82912 2
21 0.616763 0.801869 9.05896 9.11527 0
21 -2.61581 -0.52708 -16.4935 16.7079 2
3 0.53282 0.0776703 2.46427 2.52241 2
21 -0.132578 0.568411 8.63496 8.65466 0
21 -0.930152 1.11912 -36.5323 36.5612 2
21 0.207882 -0.372751 -1.38439 1.44869 2
21 -0.0403035 -0.357053 -0.917536 0.985385 2
21 0.212509 -0.347275 -7.46649 7.47758 0
3 -0.17737 0.56792 -2.5113 2.58082 2
21 0.529247 0.930185 5.82476 5.92226 2
21 0.605521 0.941217 15.8214 15.861 2
21 -0.61057 0.58066 -3.41169 3.5142 2
21 -0.163542 -0.722989 -4.49084 4.5516 2
21 -1.03377 0.458115 -4.07324 4.22727 0
2 1.70821 1.3849 6.25453 6.62987 2
21 0.567337 -0.0275339 1.17647 1.30642 2
3 0.318743 0.335523 10.2995 10.3099 2
-3 0.529595 -0.101542 3.16884 3.21439 2
21 -0.145418 1.24491 13.3221 13.3809 2
21 -0.0763605 -0.759969 -15.1242 15.1435 2
21 0.296595 0.6965 -35.2328 35.2409 2
# 8 207
-2 29.9169 -13.5782 -248.597 250.758 0
2 -7.37056 15.3123 -159.548 160.451 0
2 -20.084 3.79068 -52.9787 56.7845 0
2 3.05376 -1.16491 43.8207 43.9424 0
3 -1.24275 -0.485747 -5.98439 6.13134 0
21 2.11389 -0.493244 -35.3583 35.4249 0
21 -1.72333 0.599241 -33.2447 33.2947 0
21 0.184477 -0.143011 2.7675 2.77732 0
2 0.304354 0.303238 1.62695 1.68272 0
21 -21.0869 3.4893 -60.4353 64.1035 0
-3 -0.30643 1.32636 -11.6494 11.7287 0
21 -1.1258 0.950538 -6.4349 6.60143 0
2 1.54064 0.12382 0.589904 1.65435 0
21 0.372649 -0.687355 -14.6582 14.679 0
-3 -1.68268 -0.758082 -3.99153 4.39755 0
21 1.05301 -1.58258 -24.2825 24.3567 0
-1 -0.554717 0.00550305 -2.88997 2.94273 0
21 0.309883 -0.17 0.278353 0.449898 0
21 -2.67455 0.402341 -9.12242 9.51492 0
21 5.27375 -1.18281 58.3404 58.5902 0
21 0.071616 -0.295482 -0.548062 0.626746 0
21 0.255788 -0.246652 1.22111 1.27176 0
2 -0.900074 0.157314 0.916169 1.29393 0
21 1.35689 -0.405491 12.6182 12.6975 0
21 1.78399 0.740458 -29.5832 29.6462 0
3 0.0846199 -0.0217365 -0.8746 0.878953 0
-3 0.506916 -0.29268 -1.65092 1.75161 0
21 -0.182602 -0.685719 -0.528262 0.884655 0
21 -0.427216 0.351029 4.42125 4.45569 0
21 -0.342384 -0.318503 0.572453 0.73917 0
-1 -0.755243 0.083193 25.8939 25.905 0
-3 0.280312 0.639147 9.5366 9.5621 0
21 0.535005 0.535034 -1.56566 1.7389 0
21 -0.472931 -0.283587 -1.38345 1.4893 0
21 0.731039 0.533439 -6.86676 6.92614 0
21 -0.216688 -0.400676 -1.65634 1.71783 0
21 1.36648 -0.343465 -26.5102 26.5477 0
21 -0.26697 -0.164334 0.0878408 0.325568 0
21 0.308275 0.34031 -3.30545 3.33719 0
-2 0.549868 0.698069 19.0264 19.0472 0
-2 0.501223 -0.425126 7.64613 7.67432 0
1 -0.0560246 0.246217 4.31323 4.32062 0
21 0.132399 0.933146 -4.77938 4.87142 0
21 -0.274114 -0.603493 -3.54742 3.60882 0
-3 1.11757 -0.758014 0.0410855 1.35101 0
21 -0.995079 0.0689731 2.67577 2.85564 0
21 0.825338 -0.500451 -0.695976 1.18996 0
21 -0.507791 -0.440642 1.8101 1.93093 0
21 -0.130767 -0.284147 -0.268903 0.412491 0
-3 0.168338 -0.582716 -1.66658 1.77353 0
-3 0.500194 -0.491703 0.325915 0.773424 0
21 0.143125 -0.103256 0.798663 0.81793 0
2 0.903437 -0.0777207 -23.5644 23.5819 0
21 1.10215 0.241042 0.534763 1.24852 2
-1 0.283043 -0.252904 1.42215 1.47193 2
21 0.531393 -0.00419373 0.684175 0.866309 2
21 -0.249205 0.0211431 -0.641067 0.688126 2
21 -0.79611 -0.673566 -0.387569 1.11252 2
-2 0.109179 -0.241352 0.556642 0.616459 2
21 0.414709 1.13964 -0.339009 1.25924 2
-3 -0.260401 -1.25635 1.11231 1.69807 2
21 1.56002 0.102691 0.677557 1.70391 2
-1 0.0200812 0.442505 -0.360683 0.571232 2
21 -0.816719 1.10216 1.99142 2.41817 2
21 -0.0231024 0.781992 2.52715 2.64547 0
21 0.17974 0.184062 1.17185 1.19976 2
21 -0.773074 0.477924 -0.167918 0.924257 0
21 0.428998 0.497458 0.0604682 0.659667 2
21 0.786261 -0.0589568 -0.211091 0.816236 0
2 0.0522786 -0.155967 -0.734772 0.75296 2
21 -0.794238 -0.84784 -0.498507 1.26418 2
21 0.326275 -0.704313 0.58262 0.970545 2
21 -0.519042 0.247814 -0.219862 0.615756 2
21 -0.581025 0.54766 0.162701 0.814858 2
21 -0.466955 0.251175 -0.314645 0.616553 0
21 0.0863046 0.72939 0.699778 1.01447 2
-3 -0.0774666 -0.654251 -0.0640781 0.66193 2
2 -0.208798 -0.553015 0.0316623 0.591967 2
21 -0.264212 0.338421 -0.0634488 0.434007 2
1 -0.492453 -1.08817 -0.296643 1.2307 2
21 -0.133382 0.412567 -1.63346 1.69003 0
2 -0.250914 -0.41587 -0.111693 0.498378 2
21 -0.501289 0.0296672 0.176909 0.532416 2
21 -0.359521 0.509269 0.388876 0.734734 2
21 0.445451 0.434441 0.327311 0.703064 0
21 -0.428921 0.0828675 0.480693 0.649543 2
21 0.87544 -0.146799 0.750457 1.16238 2
21 0.199733 0.00952834 -0.241066 0.313204 2
21 0.775468 -0.282529 -1.91883 2.0888 0
21 0.551035 -0.338727 3.42239 3.48297 2
21 0.53055 -0.565928 -0.871155 1.16648 2
-2 0.0687713 -0.181921 -0.190921 0.272535 2
21 -0.57378 0.192303 2.53526 2.60648 0
21 0.702346 -0.0768952 0.967385 1.19793 2
21 0.0410745 0.517093 2.42172 2.47665 0
21 0.220936 0.47224 -0.205327 0.560341 2
21 0.443463 0.135712 -0.355075 0.584085 0
21 -0.630074 -0.487176 -1.03723 1.30774 2
2 -1.19711 -0.344856 -3.68784 3.89258 2
1 0.473362 0.859744 -1.15265 1.51388 0
21 0.496584 -0.57694 1.01285 1.26701 2
21 0.506091 0.360228 0.148168 0.638629 2
-2 0.260223 1.31859 -0.328651 1.38362 2
21 1.09479 -0.153777 2.18835 2.45176 2
21 0.489218 -0.0471357 -0.0432337 0.493381 2
21 0.674432 -0.164339 -0.143531 0.708849 0
21 -0.657402 0.560455 1.32807 1.58432 2
21 0.194148 -0.228142 0.095814 0.314519 2
21 0.490598 0.624283 1.22867 1.46289 2
21 -1.46454 1.29453 -2.49591 3.17021 2
21 -0.853614 0.310907 -0.883657 1.26735 2
21 1.24301 -0.646671 -4.35963 4.57926 2
21 0.0372019 -0.214168 0.137122 0.25701 2
21 -0.642495 -0.209659 2.10295 2.20888 2
3 -0.377088 -0.729718 0.0810496 0.825381 2
21 -1.91385 0.0598634 -1.08223 2.19946 2
21 -0.601837 0.128267 -2.91427 2.97853 0
-3 0.430091 0.448875 -0.710474 0.944055 2
21 -0.166297 -0.502947 0.454073 0.697705 2
21 0.202095 0.647186 0.937319 1.15683 2
21 -0.492664 -0.06659 -0.297062 0.579135 2
21 -0.0072082 0.230243 0.770789 0.804474 0
21 0.383309 -0.184377 -2.92392 2.9547 2
21 0.871197 0.0215143 -1.20407 1.48635 2
-2 0.414854 -0.946449 -4.79904 4.90904 2
21 0.0198316 -0.695361 -0.597703 0.917153 2
1 0.0975601 0.499225 -0.327226 0.604831 2
21 -1.61618 0.0758632 -3.4207 3.78404 2
21 0.501055 0.480602 -1.45148 1.60899 2
21 0.584273 0.303522 -1.03729 1.2286 0
21 0.756994 -0.747587 -1.60196 1.92307 2
21 -0.449325 0.495926 -1.57644 1.7126 0
21 0.416808 0.584301 -1.26803 1.45706 2
3 0.0851321 0.659236 -0.516895 0.842033 2
21 0.55305 0.615183 -0.834808 1.17525 2
21 -0.221352 -0.341091 0.183874 0.446262 2
-2 -0.400829 0.0221701 0.0169421 0.401799 2
21 -0.031629 0.51383 0.407335 0.656463 0
3 -1.03734 0.911195 -14.3686 14.4348 2
21 -0.0653611 0.520039 -4.45485 4.48557 2
21 -0.696663 1.17865 57.1214 57.1378 2
21 0.271588 1.41314 -2.8273 3.17244 2
21 -1.21936 -0.856248 -8.80083 8.92606 2
21 -1.25754 -0.740772 -5.10137 5.30605 0
21 -0.318781 0.0402021 -2.08888 2.11344 2
21 -0.489139 0.616286 -2.34907 2.47734 2
-3 -0.496804 0.163544 -0.315528 0.610835 2
21 -0.201997 -1.1898 -4.26581 4.43324 2
21 0.217207 -0.572771 -3.22693 3.28456 0
2 0.738404 -1.38713 -3.89659 4.20152 2
21 0.270547 0.606236 -1.41737 1.56514 2
1 0.669729 0.4509 -3.06496 3.16951 2
-2 -0.784613 -0.140131 -6.88488 6.93086 2
21 -0.942914 1.39892 -18.1739 18.252 0
21 0.411316 -0.424419 -2.37471 2.44716 2
1 0.247872 -0.389788 -3.88623 3.91358 2
21 -0.248233 -0.353254 -7.79677 7.80872 2
21 0.453243 -0.698795 -10.9884 11.0199 0
21 0.0464657 0.485155 -3.57488 3.60795 2
21 -0.83604 0.0471261 -2.55412 2.68788 0
21 0.695139 0.448559 -1.00049 1.29823 2
21 -0.754546 -0.166395 -3.70591 3.7856 0
-2 1.29408 1.32179 -12.6889 12.823 2
21 -0.0395136 -0.802767 -1.83159 2.00018 2
21 -2.12649 -0.0682014 -9.47644 9.71234 2
21 0.360254 -0.851472 -7.65275 7.7084 2
21 2.80906 -1.10984 -21.5139 21.7249 0
-1 1.06373 0.990162 -5.45474 5.64501 2
21 3.42135 -2.26835 -57.1013 57.2486 2
21 0.588466 -0.416275 7.50267 7.53722 2
-1 -0.00735076 0.932722 -3.32608 3.45439 2
2 -0.313817 -0.817918 -4.71336 4.79408 0
21 -0.800896 -0.60643 -6.27251 6.35245 2
-2 2.45363 0.535116 15.2542 15.4596 2
21 1.32905 -0.584276 30.3556 30.3903 0
21 -0.534412 0.437778 -3.17456 3.24886 2
21 3.21013 -2.8837 -18.8521 19.3397 0
21 0.23584 -0.743885 -2.85054 2.95543 2
21 0.398855 -1.26603 -11.0613 11.1407 2
21 0.78617 -0.739847 -7.46262 7.5403 2
21 -0.579855 -0.394901 -2.80239 2.88887 2
21 -0.692456 0.0276954 -1.79111 1.9205 2
21 0.168284 -0.813936 -2.25411 2.40246 2
# 9 183
