21 -0.455311 0.0522852 -1.19378 -1.27873 -0.0236764 2.24205 2.40508 4
3 0.0577293 0.409829 -0.52156 -0.665821 -0.261446 -0.222468 1.95267 4
-3 -0.254855 -0.555443 -0.0548964 -0.613581 1.45217 2.24861 0.770569 4
3 -0.595562 -0.413498 -0.432986 -0.844483 0.791658 1.70482 -0.310362 4
21 0.169705 1.85812 -0.678647 -1.98544 -0.336274 1.81814 0.692941 4
21 0.528715 0.240797 -0.669818 -0.886667 0.357978 2.40084 0.87996 4
21 -0.584875 -0.588745 0.323775 -0.890803 0.215022 3.29042 -0.174883 4
21 -0.362564 -0.266436 -0.427867 -0.620895 -0.318065 3.17156 -0.0315708 4
3 -1.94477 0.791186 -0.51572 -2.16196 1.60992 2.41812 0.466231 4
21 -1.20287 0.853718 -0.222396 -1.49171 0.368044 3.36331 0.244476 4
21 0.938409 -0.305839 -0.0447915 -0.988005 -0.298627 0.234185 -1.65264 4
-2 0.412633 -0.23231 -0.179463 -0.5064 -0.315434 2.72126 0.018694 4
21 0.628984 0.216845 0.00570282 -0.665338 -1.30493 2.48659 0.363086 4
21 0.358103 -1.91142 -0.715072 -2.07198 1.2839 2.82753 0.217902 4
21 -0.425156 -0.192521 0.965988 -1.07283 -1.03487 2.67733 0.252012 4
3 -0.761951 -0.65662 0.505611 -1.12577 -0.938432 2.36043 0.403935 4
21 1.08375 0.739277 0.139913 -1.31933 0.361663 2.72737 -0.150127 4
# 0 17
